-542,
-153,
611,
957,
798,
498,
63,
-474,
-794,
-876,
-775,
-331,
183,
320,
357,
582,
664,
485,
361,
293,
110,
-175,
-478,
-637,
-699,
-792,
-677,
-303,
-270,
-740,
-849,
-144,
489,
312,
-140,
-57,
424,
571,
145,
-278,
-147,
177,
1,
-437,
-495,
-220,
37,
125,
-124,
-669,
-873,
-314,
528,
865,
584,
380,
683,
1084,
1066,
567,
7,
-137,
-45,
-303,
-958,
-1395,
-1171,
-498,
-45,
-255,
-720,
-734,
-164,
532,
658,
-23,
-736,
-882,
-868,
-842,
-460,
-92,
-212,
-472,
-475,
-190,
490,
1173,
973,
30,
-683,
-932,
-907,
-557,
-327,
-835,
-1543,
-1580,
-1152,
-746,
-204,
404,
232,
-907,
-1738,
-1229,
-204,
-42,
-466,
-318,
31,
-416,
-988,
-657,
-41,
-39,
-489,
-1108,
-1762,
-1787,
-831,
236,
438,
-108,
-502,
-65,
1028,
1922,
1619,
40,
-1340,
-1140,
24,
537,
-10,
-647,
-725,
-575,
-491,
-428,
-484,
-943,
-1417,
-1204,
-572,
-324,
-619,
-793,
18,
1378,
1746,
738,
-452,
-1295,
-1982,
-1877,
-961,
-741,
-1555,
-1802,
-780,
179,
85,
-302,
-85,
431,
413,
21,
186,
866,
1094,
780,
758,
863,
269,
-498,
-467,
-222,
-522,
-724,
-344,
-115,
-436,
-861,
-973,
-579,
-43,
-42,
-354,
-257,
108,
357,
679,
910,
547,
19,
-28,
163,
206,
244,
-5,
-1064,
-2007,
-1399,
193,
1126,
970,
142,
-699,
-551,
514,
1029,
559,
-92,
-760,
-1313,
-1057,
-321,
15,
281,
723,
696,
400,
336,
51,
-317,
128,
897,
803,
191,
74,
250,
253,
246,
162,
-198,
-394,
-50,
442,
535,
85,
-678,
-1130,
-711,
316,
1033,
882,
160,
-446,
-545,
-83,
679,
1199,
1120,
611,
208,
288,
677,
1030,
1308,
1507,
1344,
581,
-402,
-813,
-484,
-193,
-530,
-996,
-1129,
-1178,
-939,
-52,
716,
546,
-51,
-252,
-182,
-139,
100,
544,
692,
346,
66,
356,
734,
613,
26,
-685,
-971,
-466,
355,
642,
363,
73,
-4,
246,
901,
1457,
1351,
876,
569,
336,
-70,
-321,
-61,
309,
112,
-636,
-1090,
-606,
250,
546,
245,
-71,
-150,
-208,
-248,
-72,
153,
223,
270,
455,
611,
527,
412,
435,
254,
-456,
-1138,
-836,
205,
715,
371,
168,
704,
1332,
1330,
864,
493,
345,
216,
188,
319,
140,
-561,
-900,
-184,
700,
560,
-399,
-1083,
-854,
-74,
404,
47,
-748,
-1006,
-333,
617,
1012,
814,
422,
-64,
-660,
-1016,
-834,
-494,
-407,
-335,
-159,
-363,
-849,
-596,
511,
1162,
624,
-329,
-683,
-347,
241,
584,
418,
38,
-125,
-87,
-74,
-9,
308,
481,
-13,
-706,
-564,
313,
798,
529,
152,
-3,
-211,
-499,
-427,
-121,
-111,
-77,
525,
1190,
1255,
980,
916,
1019,
938,
543,
189,
337,
612,
328,
-156,
-109,
8,
-412,
-709,
-532,
-706,
-1014,
-230,
1054,
1004,
-289,
-944,
-378,
172,
137,
146,
186,
-310,
-679,
37,
956,
814,
102,
-161,
-90,
-74,
105,
496,
558,
194,
90,
613,
1222,
1431,
1518,
1604,
1235,
461,
147,
674,
1161,
563,
-800,
-1534,
-943,
205,
953,
991,
312,
-535,
-618,
35,
537,
591,
568,
575,
578,
733,
1031,
1189,
900,
148,
-439,
-334,
-44,
-170,
-278,
88,
309,
-7,
-207,
-3,
112,
-111,
-409,
-451,
-242,
-14,
256,
600,
489,
-223,
-488,
219,
920,
968,
836,
840,
567,
-281,
-1138,
-1212,
-667,
-311,
-224,
110,
697,
1160,
1319,
1209,
1180,
1402,
1321,
607,
-162,
-575,
-757,
-502,
212,
675,
603,
448,
195,
-451,
-987,
-738,
12,
541,
746,
825,
754,
666,
892,
1257,
1209,
546,
-330,
-847,
-760,
-276,
259,
482,
366,
454,
932,
1141,
791,
545,
948,
1657,
1908,
1575,
1250,
1419,
1817,
1765,
1156,
581,
229,
-317,
-943,
-1046,
-691,
-207,
308,
441,
35,
-361,
-302,
325,
1411,
1899,
818,
-714,
-982,
-347,
-10,
-156,
-518,
-691,
-81,
859,
771,
-56,
-20,
965,
1622,
1495,
940,
204,
-200,
362,
1278,
1209,
55,
-751,
-214,
727,
671,
-181,
-612,
-267,
326,
783,
977,
711,
28,
-503,
-235,
452,
424,
-405,
-957,
-799,
-703,
-1075,
-1112,
-435,
16,
-264,
-482,
-224,
-89,
-94,
335,
830,
671,
241,
325,
841,
1046,
418,
-765,
-1303,
-525,
494,
596,
52,
-456,
-493,
289,
1440,
1668,
669,
-294,
-380,
-184,
-315,
-500,
-424,
-137,
298,
521,
34,
-809,
-959,
-326,
-50,
-589,
-990,
-584,
84,
419,
438,
187,
-132,
32,
658,
828,
-168,
-1545,
-1763,
-713,
99,
-248,
-938,
-1061,
-754,
-192,
521,
719,
-29,
-932,
-960,
-330,
49,
-70,
-326,
-482,
-810,
-1315,
-1287,
-464,
301,
278,
-79,
-302,
-827,
-1548,
-1364,
-204,
489,
-45,
-806,
-682,
69,
558,
569,
305,
-323,
-989,
-1017,
-703,
-788,
-974,
-784,
-546,
-478,
-351,
-342,
-823,
-1522,
-1807,
-1485,
-938,
-557,
-276,
-73,
-357,
-976,
-1046,
-399,
59,
-116,
-354,
-440,
-690,
-961,
-888,
-598,
-416,
-405,
-529,
-822,
-1162,
-1311,
-1082,
-496,
-52,
-210,
-671,
-934,
-1042,
-1230,
-1250,
-770,
-215,
-199,
-537,
-679,
-612,
-564,
-516,
-575,
-984,
-1426,
-1390,
-1020,
-690,
-372,
-170,
-418,
-748,
-432,
121,
-38,
-756,
-1204,
-1152,
-789,
-269,
104,
-81,
-669,
-1052,
-975,
-668,
-521,
-730,
-899,
-593,
-219,
-286,
-391,
-172,
-139,
-427,
-541,
-558,
-821,
-907,
-328,
394,
395,
-261,
-721,
-335,
584,
993,
423,
-397,
-713,
-587,
-322,
-100,
-194,
-618,
-771,
-280,
210,
188,
93,
289,
376,
95,
-180,
-225,
-79,
331,
601,
235,
-362,
-454,
-124,
-99,
-702,
-1551,
-1835,
-1088,
-27,
326,
55,
-67,
93,
98,
-52,
-176,
-342,
-429,
-41,
794,
1343,
1023,
334,
115,
208,
31,
-183,
-175,
-365,
-737,
-616,
-121,
50,
-132,
-150,
218,
666,
680,
215,
-63,
145,
194,
-95,
-298,
-566,
-1060,
-1159,
-577,
58,
361,
390,
82,
-292,
-289,
-94,
141,
583,
831,
338,
-301,
-239,
213,
425,
266,
-268,
-877,
-854,
-249,
114,
-29,
-274,
-300,
8,
439,
535,
196,
-112,
-29,
305,
491,
327,
177,
384,
706,
715,
249,
-449,
-731,
-216,
540,
629,
85,
-236,
149,
794,
1137,
1218,
986,
337,
-148,
7,
185,
-339,
-941,
-610,
223,
477,
77,
-189,
-22,
125,
13,
-91,
2,
220,
471,
546,
149,
-428,
-554,
-131,
476,
835,
688,
375,
489,
872,
963,
753,
608,
572,
405,
54,
-207,
-117,
391,
1112,
1542,
1186,
158,
-626,
-412,
410,
882,
695,
261,
52,
284,
814,
1137,
954,
624,
557,
602,
398,
-145,
-652,
-603,
-67,
312,
240,
186,
481,
578,
81,
-524,
-598,
-177,
98,
-50,
-114,
310,
558,
-37,
-620,
-239,
346,
226,
-159,
-167,
-27,
25,
251,
603,
534,
-24,
-336,
122,
774,
733,
162,
146,
798,
1025,
515,
74,
182,
561,
790,
728,
551,
338,
28,
7,
397,
252,
-623,
-953,
-394,
31,
-42,
-166,
-203,
-206,
-121,
-141,
-404,
-574,
-411,
-198,
-89,
211,
747,
1113,
1032,
622,
167,
-5,
42,
-113,
-367,
-399,
-353,
-308,
21,
667,
1117,
922,
228,
-300,
18,
947,
1359,
701,
-283,
-672,
-302,
477,
964,
558,
-274,
-533,
-73,
461,
476,
-91,
-665,
-600,
-172,
-61,
-251,
-361,
-360,
-397,
-529,
-727,
-784,
-402,
287,
806,
740,
151,
-244,
127,
809,
776,
-114,
-704,
-82,
960,
1054,
365,
144,
486,
538,
290,
242,
156,
-259,
-313,
451,
1143,
986,
489,
464,
762,
457,
-451,
-684,
166,
809,
433,
-232,
-474,
-336,
34,
240,
-94,
-490,
-296,
267,
615,
632,
473,
440,
853,
1417,
1254,
269,
-380,
-109,
317,
258,
-123,
-567,
-830,
-619,
-111,
196,
224,
181,
186,
238,
245,
248,
347,
432,
353,
105,
-225,
-287,
242,
871,
719,
-178,
-877,
-803,
-211,
531,
913,
457,
-201,
-24,
548,
541,
265,
265,
192,
35,
202,
329,
-34,
-431,
-275,
166,
260,
-83,
-403,
-372,
-162,
-48,
34,
213,
448,
746,
1162,
1264,
620,
25,
449,
1156,
929,
167,
-82,
114,
260,
484,
849,
990,
800,
580,
531,
358,
-135,
-313,
258,
715,
160,
-711,
-758,
-268,
-79,
-227,
-353,
-356,
-324,
-223,
31,
152,
-158,
-440,
-1,
876,
1195,
717,
222,
234,
400,
296,
169,
457,
846,
705,
266,
154,
367,
603,
886,
1059,
566,
-444,
-933,
-575,
-103,
1,
63,
348,
447,
2,
-560,
-614,
-268,
-157,
-365,
-369,
-174,
-236,
-529,
-587,
-209,
235,
308,
67,
-166,
-310,
-521,
-541,
10,
605,
482,
-69,
-222,
-17,
-35,
-201,
-134,
-6,
-70,
-120,
26,
105,
18,
195,
729,
1027,
889,
663,
450,
152,
-48,
-91,
-123,
-7,
352,
564,
298,
-191,
-360,
-273,
-570,
-1201,
-1389,
-1152,
-1196,
-1275,
-596,
353,
510,
-13,
-391,
-403,
-438,
-609,
-753,
-987,
-1270,
-1052,
-153,
556,
310,
-411,
-751,
-616,
-383,
-250,
-192,
-113,
3,
28,
-140,
-249,
-35,
129,
-245,
-780,
-899,
-872,
-1003,
-870,
-287,
181,
90,
-419,
-974,
-1118,
-668,
-144,
-167,
-519,
-721,
-789,
-818,
-709,
-588,
-687,
-878,
-864,
-604,
-302,
-371,
-814,
-889,
-440,
-196,
-381,
-562,
-537,
-233,
316,
433,
-361,
-1152,
-842,
172,
607,
-125,
-1357,
-1891,
-1298,
-378,
-114,
-529,
-1046,
-1271,
-1087,
-625,
-253,
-178,
-184,
-59,
76,
-163,
-855,
-1188,
-423,
626,
549,
-450,
-892,
-324,
213,
-18,
-691,
-1270,
-1542,
-1413,
-957,
-619,
-641,
-656,
-467,
-331,
-322,
-190,
212,
624,
647,
220,
-283,
-532,
-663,
-806,
-875,
-803,
-620,
-435,
-386,
-526,
-788,
-931,
-803,
-545,
-333,
-155,
-21,
71,
241,
478,
525,
323,
122,
6,
-217,
-609,
-917,
-930,
-809,
-724,
-535,
-127,
166,
-109,
-793,
-1107,
-609,
124,
238,
-87,
-108,
55,
-122,
-369,
-249,
13,
74,
100,
239,
228,
26,
80,
550,
880,
512,
-199,
-320,
256,
709,
660,
507,
488,
502,
612,
703,
346,
-343,
-638,
-233,
292,
241,
-148,
-105,
439,
666,
-3,
-949,
-1070,
-373,
191,
162,
-199,
-568,
-725,
-443,
150,
419,
-10,
-498,
-131,
692,
755,
95,
-51,
621,
1132,
939,
419,
-118,
-372,
128,
995,
1269,
842,
500,
781,
1243,
1052,
227,
-271,
-49,
203,
205,
360,
561,
365,
87,
317,
670,
423,
-86,
-64,
532,
1111,
1179,
771,
344,
238,
358,
390,
266,
153,
239,
522,
711,
492,
-7,
-267,
-56,
290,
459,
444,
336,
271,
358,
420,
263,
97,
195,
353,
250,
29,
-36,
133,
410,
486,
199,
-182,
-256,
128,
577,
550,
139,
-11,
383,
884,
1054,
840,
476,
385,
642,
771,
529,
435,
830,
1060,
628,
-41,
-352,
-104,
521,
1026,
892,
222,
-140,
284,
875,
816,
141,
-418,
-395,
21,
428,
522,
231,
-117,
16,
567,
796,
357,
-220,
-313,
106,
589,
703,
478,
376,
600,
714,
491,
363,
469,
398,
147,
114,
217,
199,
180,
301,
495,
520,
237,
-32,
176,
629,
756,
644,
595,
293,
-349,
-519,
135,
695,
465,
-32,
-157,
78,
363,
427,
182,
-119,
-144,
136,
438,
469,
168,
-190,
-179,
297,
796,
953,
876,
814,
719,
518,
425,
505,
423,
73,
-109,
19,
59,
-143,
-229,
41,
342,
247,
-110,
-213,
-46,
-15,
-207,
-429,
-633,
-690,
-287,
380,
697,
508,
235,
184,
196,
70,
-130,
-301,
-338,
-209,
26,
294,
399,
218,
96,
426,
744,
323,
-429,
-517,
-34,
177,
77,
106,
81,
-204,
-423,
-439,
-407,
-278,
-165,
-358,
-607,
-562,
-334,
-109,
29,
-47,
-287,
-404,
-262,
-49,
85,
81,
-88,
-297,
-423,
-483,
-480,
-389,
-342,
-419,
-327,
8,
236,
191,
62,
11,
93,
176,
59,
-83,
76,
397,
519,
469,
425,
342,
220,
173,
168,
109,
-30,
-69,
104,
181,
-28,
-256,
-171,
292,
784,
685,
-159,
-914,
-781,
-174,
36,
-293,
-709,
-926,
-847,
-445,
67,
240,
-98,
-481,
-325,
127,
231,
14,
-6,
114,
34,
-112,
-97,
44,
157,
-21,
-505,
-833,
-662,
-223,
88,
37,
-407,
-788,
-584,
1,
268,
-90,
-654,
-732,
-158,
407,
403,
102,
-57,
-16,
179,
380,
205,
-322,
-522,
-196,
62,
-45,
-189,
-189,
-227,
-395,
-586,
-712,
-704,
-552,
-310,
-112,
-242,
-698,
-870,
-391,
81,
-123,
-530,
-559,
-535,
-670,
-531,
-177,
-175,
-447,
-495,
-367,
-372,
-366,
-107,
192,
162,
-174,
-405,
-315,
-227,
-435,
-707,
-681,
-504,
-445,
-251,
152,
163,
-347,
-632,
-375,
-179,
-458,
-802,
-802,
-549,
-303,
-164,
-60,
-73,
-184,
-131,
67,
28,
-386,
-764,
-648,
-209,
18,
-133,
-282,
-253,
-251,
-272,
-149,
-73,
-189,
-268,
-299,
-566,
-975,
-1095,
-750,
-197,
103,
-43,
-289,
-289,
-252,
-467,
-750,
-866,
-905,
-781,
-339,
60,
85,
8,
14,
-119,
-342,
-387,
-338,
-381,
-466,
-558,
-670,
-604,
-198,
322,
546,
318,
-181,
-555,
-488,
-129,
47,
-104,
-229,
-97,
107,
174,
107,
-78,
-345,
-460,
-406,
-429,
-586,
-685,
-568,
-371,
-472,
-768,
-698,
-266,
-109,
-290,
-345,
-378,
-546,
-436,
-11,
162,
-39,
-190,
-103,
-47,
-189,
-374,
-413,
-316,
-298,
-360,
-332,
-306,
-375,
-401,
-311,
-177,
-53,
-15,
-178,
-379,
-350,
-231,
-152,
-6,
95,
-16,
-278,
-571,
-750,
-762,
-733,
-724,
-589,
-431,
-563,
-736,
-538,
-193,
-92,
-99,
12,
58,
-71,
-187,
-192,
-95,
24,
23,
-58,
-61,
-26,
13,
114,
153,
25,
-10,
273,
546,
378,
-10,
-34,
251,
310,
164,
240,
400,
241,
-88,
-278,
-378,
-435,
-250,
92,
197,
40,
-41,
61,
150,
122,
95,
97,
98,
184,
387,
473,
176,
-195,
-141,
201,
345,
186,
-64,
-158,
78,
360,
159,
-342,
-445,
-126,
90,
99,
95,
77,
120,
400,
658,
469,
6,
-168,
33,
295,
412,
336,
134,
-7,
-1,
-23,
-168,
-200,
11,
233,
229,
25,
-186,
-134,
203,
511,
581,
504,
388,
275,
170,
110,
165,
244,
146,
-116,
-292,
-235,
-12,
245,
332,
224,
241,
505,
679,
541,
274,
109,
15,
65,
402,
658,
391,
-242,
-670,
-490,
74,
483,
376,
-7,
-111,
42,
134,
180,
364,
652,
777,
702,
495,
113,
-191,
-59,
303,
244,
-184,
-315,
-127,
8,
44,
138,
382,
639,
639,
333,
103,
182,
313,
365,
422,
465,
483,
416,
285,
301,
485,
493,
241,
184,
559,
959,
1056,
943,
831,
793,
829,
897,
885,
652,
236,
-190,
-387,
-250,
-78,
-93,
-90,
158,
491,
580,
452,
430,
648,
960,
1110,
975,
666,
490,
609,
749,
601,
240,
8,
82,
241,
299,
307,
347,
467,
690,
894,
955,
956,
900,
788,
773,
874,
886,
737,
570,
457,
320,
199,
304,
597,
784,
751,
618,
442,
351,
526,
803,
859,
654,
486,
530,
634,
717,
848,
1003,
1049,
948,
759,
587,
596,
741,
740,
580,
498,
566,
690,
794,
806,
627,
394,
358,
476,
624,
687,
552,
436,
646,
995,
1049,
820,
670,
687,
756,
816,
754,
506,
246,
263,
554,
761,
642,
334,
229,
390,
388,
145,
137,
458,
633,
567,
593,
741,
733,
563,
597,
786,
636,
146,
-91,
159,
484,
554,
459,
326,
204,
69,
9,
145,
257,
197,
188,
310,
277,
48,
72,
465,
747,
671,
510,
443,
337,
164,
116,
266,
437,
425,
329,
250,
88,
-155,
-218,
-19,
171,
170,
128,
219,
372,
470,
519,
450,
265,
119,
57,
-34,
-174,
-266,
-332,
-383,
-380,
-360,
-311,
-194,
-153,
-262,
-320,
-149,
99,
180,
68,
-179,
-407,
-409,
-251,
-111,
3,
72,
-95,
-390,
-408,
-127,
154,
306,
259,
-31,
-336,
-443,
-408,
-304,
-199,
-251,
-468,
-642,
-675,
-647,
-552,
-424,
-345,
-253,
-53,
153,
122,
-132,
-358,
-378,
-255,
-272,
-500,
-645,
-585,
-563,
-720,
-836,
-817,
-776,
-669,
-563,
-704,
-1020,
-1077,
-729,
-330,
-163,
-179,
-242,
-290,
-359,
-471,
-568,
-655,
-755,
-817,
-714,
-463,
-331,
-404,
-431,
-194,
121,
168,
-92,
-316,
-309,
-217,
-246,
-459,
-702,
-815,
-780,
-663,
-682,
-1027,
-1418,
-1371,
-960,
-698,
-735,
-857,
-866,
-598,
-206,
-43,
-199,
-427,
-554,
-660,
-852,
-1109,
-1199,
-959,
-610,
-487,
-549,
-553,
-491,
-521,
-626,
-720,
-810,
-867,
-785,
-570,
-426,
-507,
-716,
-792,
-674,
-572,
-577,
-594,
-572,
-576,
-623,
-598,
-447,
-350,
-466,
-734,
-962,
-1007,
-808,
-407,
-117,
-205,
-537,
-750,
-634,
-390,
-365,
-615,
-858,
-845,
-706,
-660,
-720,
-806,
-771,
-656,
-670,
-791,
-744,
-560,
-591,
-863,
-963,
-732,
-405,
-118,
52,
-51,
-419,
-760,
-866,
-778,
-599,
-444,
-451,
-635,
-823,
-833,
-648,
-474,
-468,
-537,
-467,
-210,
-55,
-129,
-191,
-101,
-25,
-56,
-67,
-73,
-214,
-405,
-570,
-668,
-674,
-686,
-721,
-591,
-327,
-269,
-495,
-572,
-197,
292,
441,
223,
-96,
-319,
-373,
-351,
-427,
-569,
-628,
-625,
-610,
-526,
-369,
-184,
20,
181,
206,
71,
-65,
-15,
96,
91,
27,
-79,
-212,
-188,
-7,
41,
-122,
-248,
-259,
-252,
-235,
-208,
-203,
-208,
-203,
-254,
-401,
-435,
-121,
358,
539,
290,
-4,
35,
246,
297,
198,
163,
237,
298,
315,
310,
303,
346,
395,
307,
108,
3,
73,
170,
184,
133,
80,
68,
78,
77,
53,
19,
115,
406,
693,
751,
559,
286,
82,
-8,
-71,
-153,
-145,
22,
208,
302,
291,
247,
347,
625,
736,
429,
23,
-18,
268,
475,
365,
128,
87,
218,
270,
189,
103,
36,
6,
153,
461,
582,
354,
112,
170,
342,
361,
300,
320,
407,
462,
453,
386,
282,
177,
194,
391,
458,
251,
159,
397,
591,
498,
342,
281,
272,
274,
266,
256,
251,
179,
108,
172,
232,
85,
-83,
3,
272,
439,
412,
312,
258,
264,
314,
412,
516,
544,
471,
389,
351,
230,
89,
199,
476,
556,
337,
85,
22,
94,
192,
331,
357,
183,
18,
-48,
-227,
-473,
-430,
-86,
180,
160,
-17,
-100,
15,
205,
271,
163,
14,
-103,
-78,
154,
283,
176,
216,
428,
347,
-30,
-216,
-78,
130,
201,
46,
-219,
-308,
-142,
104,
217,
149,
18,
-27,
17,
-45,
-293,
-520,
-534,
-448,
-412,
-372,
-234,
-53,
80,
148,
158,
144,
232,
397,
405,
143,
-164,
-236,
-100,
39,
66,
-56,
-145,
-77,
-21,
-85,
-127,
-108,
-126,
-51,
181,
286,
154,
22,
36,
100,
53,
-78,
-115,
13,
197,
256,
201,
208,
367,
521,
514,
401,
266,
145,
133,
289,
420,
282,
72,
41,
134,
221,
286,
262,
115,
23,
51,
81,
185,
364,
359,
308,
476,
599,
449,
355,
471,
485,
312,
182,
129,
84,
153,
313,
382,
356,
431,
573,
511,
215,
3,
105,
293,
227,
19,
7,
179,
326,
360,
365,
468,
579,
523,
378,
309,
322,
385,
513,
571,
429,
266,
351,
627,
755,
517,
152,
31,
146,
277,
314,
319,
423,
741,
1110,
1109,
743,
530,
702,
981,
1058,
847,
424,
99,
247,
664,
804,
575,
381,
415,
449,
367,
374,
508,
563,
457,
423,
569,
693,
714,
738,
704,
491,
187,
59,
222,
446,
410,
169,
100,
233,
320,
292,
228,
115,
3,
97,
438,
719,
669,
459,
405,
482,
525,
517,
525,
470,
275,
110,
154,
296,
319,
322,
475,
648,
670,
581,
525,
507,
436,
387,
451,
496,
412,
369,
494,
583,
474,
359,
448,
543,
332,
-12,
-138,
-28,
176,
348,
336,
202,
214,
410,
509,
402,
258,
234,
240,
188,
199,
314,
357,
312,
289,
275,
201,
190,
284,
305,
207,
159,
231,
296,
283,
218,
128,
133,
212,
235,
268,
322,
210,
-6,
26,
318,
477,
409,
358,
424,
485,
424,
314,
284,
276,
155,
2,
-30,
-40,
-102,
-107,
-64,
-56,
-26,
102,
228,
248,
174,
94,
105,
266,
508,
581,
348,
72,
14,
88,
144,
137,
75,
12,
20,
93,
150,
145,
137,
193,
227,
178,
101,
12,
-12,
101,
177,
61,
24,
238,
353,
146,
-91,
-137,
-140,
-179,
-125,
6,
-19,
-196,
-241,
-90,
15,
2,
32,
150,
202,
47,
-188,
-212,
-11,
123,
23,
-154,
-218,
-192,
-175,
-196,
-196,
-210,
-288,
-301,
-190,
-151,
-276,
-348,
-226,
-40,
58,
40,
32,
77,
-4,
-258,
-425,
-342,
-144,
-71,
-176,
-318,
-403,
-468,
-433,
-242,
-142,
-283,
-417,
-401,
-415,
-541,
-542,
-329,
-144,
-171,
-357,
-555,
-630,
-568,
-532,
-567,
-539,
-488,
-465,
-277,
-25,
-98,
-381,
-374,
-156,
-250,
-652,
-857,
-634,
-257,
-74,
-142,
-289,
-389,
-439,
-508,
-624,
-757,
-794,
-626,
-364,
-271,
-398,
-557,
-557,
-413,
-300,
-337,
-446,
-493,
-514,
-594,
-660,
-642,
-643,
-653,
-542,
-376,
-354,
-411,
-344,
-246,
-341,
-564,
-704,
-733,
-766,
-825,
-779,
-645,
-588,
-605,
-635,
-681,
-699,
-581,
-418,
-386,
-450,
-462,
-377,
-240,
-174,
-283,
-474,
-578,
-627,
-745,
-862,
-851,
-775,
-722,
-671,
-646,
-655,
-673,
-632,
-521,
-486,
-602,
-693,
-535,
-221,
-47,
-75,
-197,
-341,
-462,
-539,
-602,
-746,
-934,
-998,
-902,
-748,
-663,
-695,
-716,
-586,
-385,
-305,
-341,
-379,
-447,
-540,
-539,
-477,
-467,
-465,
-372,
-276,
-304,
-466,
-675,
-735,
-567,
-395,
-406,
-498,
-562,
-515,
-336,
-214,
-296,
-403,
-397,
-395,
-414,
-422,
-500,
-585,
-533,
-427,
-473,
-664,
-703,
-453,
-244,
-337,
-542,
-621,
-553,
-342,
-100,
-130,
-437,
-564,
-316,
-89,
-194,
-414,
-460,
-422,
-426,
-401,
-294,
-230,
-299,
-454,
-577,
-632,
-648,
-615,
-504,
-383,
-363,
-395,
-340,
-256,
-309,
-473,
-553,
-477,
-371,
-333,
-344,
-375,
-422,
-416,
-291,
-183,
-240,
-379,
-388,
-253,
-179,
-242,
-326,
-429,
-611,
-709,
-537,
-262,
-193,
-290,
-352,
-331,
-265,
-193,
-165,
-254,
-416,
-508,
-475,
-378,
-306,
-250,
-154,
-54,
-95,
-248,
-304,
-260,
-293,
-363,
-281,
-112,
-50,
-113,
-197,
-271,
-303,
-254,
-139,
-68,
-115,
-206,
-221,
-203,
-245,
-268,
-130,
27,
-27,
-192,
-195,
-78,
-76,
-182,
-179,
-41,
9,
-144,
-286,
-256,
-176,
-193,
-227,
-135,
-81,
-220,
-317,
-145,
80,
95,
72,
256,
467,
435,
188,
-35,
-86,
4,
148,
300,
344,
175,
-76,
-167,
-86,
-75,
-121,
-18,
173,
144,
-110,
-243,
-80,
194,
333,
234,
38,
-17,
100,
238,
368,
477,
442,
274,
194,
308,
416,
351,
213,
112,
62,
81,
182,
293,
362,
413,
429,
422,
467,
513,
423,
221,
57,
63,
194,
351,
437,
412,
361,
380,
413,
383,
345,
363,
369,
318,
278,
280,
307,
421,
616,
724,
627,
419,
288,
323,
432,
456,
344,
243,
311,
493,
592,
522,
403,
359,
399,
451,
444,
436,
526,
696,
799,
787,
694,
586,
541,
560,
575,
570,
536,
480,
457,
531,
616,
577,
449,
424,
535,
601,
576,
569,
562,
546,
580,
623,
611,
557,
499,
438,
447,
566,
718,
810,
800,
727,
686,
659,
573,
458,
517,
769,
945,
902,
802,
800,
877,
968,
1006,
932,
787,
651,
575,
648,
850,
941,
828,
711,
696,
679,
669,
771,
839,
718,
611,
734,
946,
1034,
986,
916,
923,
980,
1013,
1038,
1118,
1159,
1058,
941,
906,
885,
848,
864,
911,
868,
751,
713,
827,
965,
946,
847,
869,
946,
956,
994,
1024,
904,
750,
809,
1006,
1079,
965,
846,
863,
931,
923,
912,
979,
1029,
1002,
940,
876,
806,
761,
804,
905,
943,
853,
703,
622,
677,
798,
873,
891,
899,
870,
832,
848,
821,
685,
608,
712,
828,
762,
585,
515,
659,
937,
1146,
1142,
965,
783,
678,
599,
509,
485,
535,
606,
664,
664,
563,
434,
398,
499,
621,
573,
401,
414,
665,
803,
697,
569,
549,
625,
741,
771,
652,
517,
480,
438,
355,
313,
299,
311,
422,
508,
431,
352,
448,
557,
556,
503,
425,
360,
415,
528,
486,
332,
254,
287,
356,
392,
280,
70,
36,
218,
404,
494,
518,
460,
346,
255,
202,
119,
45,
96,
239,
297,
200,
64,
13,
25,
53,
91,
127,
115,
48,
-28,
-93,
-162,
-200,
-197,
-196,
-235,
-346,
-483,
-481,
-324,
-234,
-293,
-343,
-272,
-184,
-132,
-102,
-107,
-125,
-84,
-93,
-190,
-273,
-319,
-343,
-349,
-362,
-387,
-392,
-358,
-376,
-493,
-611,
-626,
-511,
-398,
-385,
-404,
-396,
-380,
-399,
-428,
-447,
-521,
-660,
-792,
-852,
-834,
-792,
-757,
-740,
-740,
-759,
-772,
-721,
-618,
-547,
-551,
-643,
-802,
-926,
-905,
-826,
-793,
-817,
-839,
-850,
-833,
-790,
-724,
-678,
-687,
-725,
-789,
-888,
-962,
-952,
-886,
-811,
-766,
-794,
-878,
-918,
-867,
-802,
-758,
-675,
-584,
-628,
-761,
-849,
-892,
-867,
-762,
-772,
-975,
-1116,
-988,
-784,
-758,
-866,
-913,
-792,
-573,
-452,
-540,
-736,
-879,
-907,
-816,
-623,
-503,
-570,
-682,
-753,
-847,
-886,
-813,
-767,
-849,
-965,
-970,
-855,
-752,
-785,
-851,
-812,
-707,
-608,
-524,
-490,
-594,
-779,
-868,
-816,
-759,
-749,
-716,
-628,
-590,
-649,
-706,
-629,
-470,
-455,
-632,
-799,
-822,
-754,
-626,
-504,
-533,
-646,
-681,
-621,
-582,
-636,
-763,
-889,
-936,
-915,
-901,
-867,
-789,
-775,
-846,
-848,
-719,
-600,
-539,
-464,
-467,
-621,
-770,
-817,
-825,
-837,
-816,
-782,
-756,
-724,
-701,
-707,
-710,
-705,
-720,
-704,
-625,
-634,
-775,
-828,
-703,
-614,
-664,
-711,
-695,
-657,
-628,
-683,
-813,
-828,
-671,
-573,
-656,
-707,
-626,
-579,
-604,
-666,
-807,
-940,
-864,
-667,
-648,
-806,
-909,
-888,
-794,
-652,
-525,
-481,
-462,
-388,
-334,
-392,
-510,
-583,
-591,
-594,
-661,
-727,
-711,
-638,
-600,
-582,
-528,
-476,
-483,
-553,
-641,
-673,
-651,
-573,
-383,
-190,
-186,
-303,
-319,
-273,
-373,
-554,
-596,
-465,
-378,
-457,
-504,
-324,
-91,
-31,
-57,
-47,
-106,
-220,
-194,
-25,
60,
-26,
-116,
-96,
-32,
-75,
-217,
-260,
-181,
-130,
-101,
18,
161,
217,
253,
246,
120,
-33,
-75,
-6,
92,
150,
113,
24,
34,
161,
269,
294,
265,
186,
160,
292,
435,
429,
405,
435,
386,
254,
218,
325,
407,
371,
325,
340,
386,
455,
554,
601,
516,
355,
276,
316,
339,
291,
276,
358,
455,
440,
303,
209,
269,
361,
390,
421,
428,
384,
441,
629,
722,
606,
456,
440,
509,
538,
503,
461,
447,
411,
334,
290,
288,
292,
351,
471,
505,
417,
405,
573,
727,
698,
550,
406,
323,
338,
399,
407,
358,
319,
291,
268,
280,
310,
311,
325,
373,
355,
285,
338,
514,
579,
458,
334,
329,
367,
388,
433,
455,
383,
282,
244,
275,
328,
369,
397,
408,
383,
354,
406,
557,
666,
596,
381,
202,
168,
215,
256,
263,
227,
148,
119,
214,
372,
431,
331,
211,
163,
159,
191,
268,
382,
428,
350,
259,
282,
371,
386,
359,
388,
431,
402,
387,
482,
610,
624,
504,
396,
385,
420,
448,
488,
539,
479,
284,
169,
272,
414,
409,
348,
356,
419,
456,
490,
540,
553,
492,
428,
449,
491,
440,
363,
365,
386,
332,
287,
342,
420,
407,
333,
300,
339,
450,
588,
701,
691,
588,
527,
531,
507,
380,
207,
117,
132,
206,
291,
323,
298,
276,
275,
242,
204,
229,
305,
417,
523,
591,
679,
747,
665,
502,
385,
313,
250,
206,
172,
106,
41,
41,
118,
239,
313,
316,
290,
266,
279,
329,
365,
352,
320,
332,
363,
349,
333,
360,
366,
316,
265,
233,
222,
219,
188,
159,
207,
324,
438,
505,
505,
489,
512,
503,
401,
241,
126,
139,
254,
360,
390,
358,
289,
200,
148,
159,
194,
195,
178,
233,
331,
396,
440,
438,
417,
419,
374,
275,
212,
199,
153,
111,
141,
191,
243,
296,
299,
216,
89,
16,
95,
254,
292,
192,
148,
198,
238,
247,
272,
253,
143,
44,
20,
25,
11,
-12,
-6,
44,
119,
145,
89,
55,
84,
101,
85,
62,
75,
131,
194,
183,
68,
-46,
-85,
-50,
13,
65,
81,
-5,
-169,
-233,
-123,
-11,
-3,
-34,
-62,
-127,
-140,
-15,
114,
76,
-57,
-139,
-132,
-113,
-137,
-192,
-226,
-250,
-281,
-278,
-224,
-193,
-207,
-217,
-223,
-304,
-428,
-491,
-471,
-392,
-309,
-278,
-281,
-194,
-31,
29,
-86,
-266,
-385,
-398,
-318,
-217,
-181,
-220,
-240,
-219,
-237,
-304,
-387,
-463,
-523,
-508,
-403,
-330,
-362,
-394,
-336,
-273,
-301,
-349,
-344,
-351,
-406,
-470,
-484,
-442,
-408,
-392,
-334,
-260,
-205,
-189,
-201,
-219,
-280,
-353,
-403,
-451,
-518,
-500,
-347,
-233,
-309,
-463,
-535,
-465,
-335,
-249,
-219,
-238,
-286,
-273,
-158,
-46,
-56,
-103,
-80,
-76,
-147,
-237,
-271,
-258,
-264,
-324,
-349,
-276,
-168,
-108,
-52,
-14,
-85,
-181,
-132,
-10,
-42,
-218,
-331,
-324,
-255,
-127,
-38,
-52,
-116,
-168,
-192,
-154,
-82,
-47,
-43,
21,
81,
27,
-33,
35,
126,
75,
-40,
-52,
13,
79,
118,
91,
38,
50,
130,
190,
151,
73,
22,
19,
67,
119,
113,
68,
50,
74,
93,
71,
46,
57,
79,
51,
-9,
-21,
17,
61,
103,
171,
251,
245,
163,
83,
-34,
-170,
-153,
14,
140,
152,
131,
145,
209,
257,
249,
223,
175,
68,
-2,
51,
110,
57,
16,
73,
84,
9,
-27,
48,
134,
116,
75,
75,
113,
161,
181,
139,
70,
51,
86,
109,
113,
81,
16,
6,
19,
-22,
-60,
0,
88,
105,
76,
73,
32,
-44,
-16,
79,
84,
4,
-47,
-48,
-40,
-33,
-5,
64,
142,
164,
145,
109,
68,
74,
147,
184,
130,
42,
-1,
7,
59,
131,
177,
231,
259,
145,
-33,
-60,
45,
107,
96,
96,
142,
171,
130,
37,
-31,
-14,
38,
72,
40,
-35,
-104,
-108,
-48,
-35,
-137,
-224,
-202,
-131,
-101,
-76,
-52,
-78,
-120,
-82,
-13,
-59,
-158,
-97,
50,
40,
-80,
-130,
-109,
-54,
6,
-23,
-114,
-128,
-101,
-141,
-237,
-269,
-213,
-110,
-60,
-144,
-277,
-316,
-256,
-180,
-156,
-199,
-275,
-298,
-234,
-210,
-272,
-360,
-400,
-366,
-315,
-292,
-296,
-294,
-251,
-174,
-117,
-117,
-150,
-147,
-90,
-54,
-85,
-107,
-105,
-145,
-230,
-284,
-283,
-259,
-285,
-332,
-329,
-284,
-222,
-129,
-71,
-87,
-128,
-170,
-213,
-212,
-153,
-106,
-128,
-170,
-176,
-155,
-134,
-125,
-169,
-287,
-406,
-414,
-304,
-195,
-169,
-198,
-169,
-107,
-94,
-128,
-141,
-144,
-152,
-136,
-86,
-84,
-134,
-159,
-166,
-198,
-253,
-308,
-328,
-301,
-274,
-312,
-371,
-411,
-414,
-377,
-338,
-329,
-326,
-291,
-260,
-288,
-324,
-307,
-271,
-248,
-242,
-294,
-388,
-438,
-409,
-408,
-456,
-465,
-431,
-440,
-480,
-491,
-455,
-415,
-385,
-390,
-441,
-483,
-480,
-409,
-263,
-135,
-145,
-296,
-432,
-478,
-496,
-475,
-420,
-408,
-461,
-494,
-422,
-299,
-255,
-313,
-427,
-550,
-623,
-622,
-549,
-475,
-458,
-524,
-590,
-594,
-544,
-499,
-479,
-504,
-568,
-581,
-463,
-299,
-262,
-346,
-439,
-519,
-532,
-406,
-278,
-333,
-487,
-566,
-541,
-507,
-515,
-520,
-504,
-508,
-542,
-569,
-564,
-527,
-502,
-502,
-524,
-598,
-672,
-655,
-555,
-518,
-569,
-564,
-436,
-324,
-342,
-429,
-459,
-439,
-428,
-405,
-361,
-357,
-409,
-436,
-388,
-376,
-467,
-553,
-530,
-497,
-524,
-525,
-451,
-403,
-408,
-413,
-426,
-484,
-525,
-485,
-418,
-417,
-436,
-398,
-336,
-302,
-304,
-337,
-400,
-474,
-460,
-370,
-325,
-364,
-373,
-314,
-297,
-354,
-389,
-348,
-269,
-214,
-208,
-261,
-320,
-292,
-188,
-110,
-121,
-192,
-250,
-282,
-277,
-220,
-149,
-134,
-205,
-304,
-352,
-344,
-305,
-273,
-258,
-236,
-220,
-202,
-145,
-85,
-83,
-136,
-178,
-197,
-175,
-86,
-12,
-32,
-93,
-91,
-22,
27,
7,
-32,
-14,
22,
-13,
-68,
-62,
-13,
20,
14,
35,
91,
155,
190,
178,
149,
115,
47,
13,
64,
121,
123,
148,
216,
233,
213,
210,
206,
173,
141,
142,
151,
136,
134,
221,
341,
363,
295,
279,
350,
406,
364,
273,
244,
341,
481,
553,
578,
566,
502,
449,
435,
408,
379,
402,
424,
404,
401,
430,
422,
364,
334,
347,
333,
291,
310,
395,
476,
568,
669,
715,
670,
597,
586,
627,
648,
609,
527,
428,
374,
417,
490,
503,
470,
433,
425,
468,
549,
621,
667,
702,
724,
687,
613,
594,
669,
758,
767,
687,
592,
589,
680,
770,
802,
763,
686,
620,
635,
739,
828,
884,
919,
927,
867,
749,
671,
696,
786,
837,
809,
723,
638,
626,
661,
685,
697,
693,
673,
655,
640,
619,
646,
751,
815,
770,
687,
660,
689,
746,
785,
778,
730,
720,
796,
863,
814,
712,
656,
637,
627,
651,
690,
684,
687,
762,
836,
810,
743,
758,
836,
892,
889,
841,
794,
799,
852,
915,
908,
808,
702,
682,
695,
637,
579,
606,
657,
707,
764,
783,
774,
773,
782,
780,
771,
745,
671,
636,
697,
759,
737,
701,
712,
736,
734,
715,
687,
652,
626,
636,
684,
710,
708,
761,
845,
862,
804,
752,
740,
691,
605,
534,
544,
614,
673,
653,
614,
589,
538,
466,
469,
540,
550,
537,
615,
739,
739,
598,
487,
472,
467,
421,
382,
359,
311,
297,
389,
490,
477,
395,
366,
349,
287,
295,
415,
489,
447,
390,
368,
342,
302,
267,
244,
243,
230,
184,
147,
186,
279,
333,
328,
325,
317,
263,
200,
205,
221,
152,
62,
48,
98,
132,
130,
93,
13,
-67,
-74,
-13,
35,
58,
101,
173,
222,
214,
180,
179,
198,
183,
106,
23,
-6,
27,
52,
54,
43,
25,
-2,
7,
26,
-6,
-80,
-101,
-13,
92,
108,
46,
-23,
-76,
-116,
-135,
-136,
-145,
-153,
-108,
-34,
-47,
-133,
-151,
-90,
-74,
-108,
-107,
-124,
-173,
-169,
-102,
-79,
-102,
-87,
-53,
-70,
-130,
-189,
-218,
-184,
-154,
-231,
-336,
-346,
-292,
-278,
-288,
-282,
-281,
-295,
-319,
-381,
-445,
-428,
-323,
-226,
-223,
-296,
-345,
-301,
-256,
-304,
-417,
-491,
-479,
-413,
-330,
-303,
-346,
-377,
-382,
-438,
-543,
-586,
-552,
-506,
-496,
-532,
-585,
-568,
-495,
-461,
-507,
-587,
-656,
-682,
-646,
-577,
-535,
-525,
-487,
-447,
-497,
-593,
-624,
-593,
-554,
-555,
-598,
-639,
-656,
-661,
-627,
-572,
-591,
-697,
-748,
-696,
-662,
-682,
-658,
-594,
-557,
-558,
-572,
-626,
-715,
-752,
-739,
-731,
-746,
-784,
-793,
-724,
-658,
-697,
-751,
-726,
-688,
-719,
-766,
-789,
-779,
-735,
-735,
-785,
-826,
-822,
-802,
-783,
-785,
-802,
-787,
-748,
-758,
-822,
-855,
-847,
-852,
-825,
-744,
-699,
-706,
-695,
-668,
-695,
-748,
-750,
-723,
-717,
-734,
-731,
-701,
-669,
-694,
-801,
-889,
-869,
-774,
-699,
-664,
-677,
-733,
-753,
-698,
-620,
-615,
-649,
-655,
-626,
-599,
-617,
-691,
-731,
-680,
-626,
-647,
-724,
-785,
-813,
-794,
-770,
-790,
-799,
-754,
-712,
-745,
-810,
-857,
-863,
-798,
-688,
-650,
-712,
-776,
-773,
-719,
-678,
-687,
-700,
-682,
-661,
-667,
-650,
-606,
-600,
-620,
-619,
-604,
-614,
-621,
-585,
-506,
-463,
-487,
-516,
-492,
-470,
-518,
-601,
-629,
-593,
-566,
-565,
-556,
-558,
-576,
-573,
-555,
-557,
-548,
-487,
-422,
-400,
-378,
-334,
-310,
-328,
-343,
-307,
-215,
-133,
-137,
-213,
-268,
-263,
-231,
-211,
-180,
-168,
-204,
-261,
-288,
-269,
-214,
-164,
-147,
-151,
-153,
-189,
-246,
-249,
-212,
-193,
-192,
-212,
-218,
-184,
-134,
-121,
-118,
-53,
8,
-9,
-20,
-13,
-24,
-50,
-73,
-130,
-184,
-150,
-55,
20,
63,
28,
-26,
2,
52,
23,
-7,
20,
22,
-25,
-16,
54,
66,
1,
-64,
-67,
-24,
13,
1,
-23,
-24,
-30,
-61,
-57,
2,
69,
100,
100,
51,
6,
6,
20,
-3,
-49,
-72,
-71,
-53,
-13,
8,
-24,
-94,
-119,
-77,
-59,
-122,
-127,
-27,
53,
61,
70,
75,
38,
20,
25,
11,
23,
90,
112,
50,
-13,
-10,
22,
42,
62,
82,
91,
97,
127,
171,
196,
195,
187,
194,
199,
166,
134,
160,
195,
211,
207,
177,
143,
154,
196,
223,
213,
184,
187,
243,
292,
287,
252,
234,
218,
179,
127,
138,
232,
313,
297,
237,
218,
224,
219,
238,
277,
328,
381,
416,
414,
400,
394,
405,
448,
515,
515,
435,
358,
294,
217,
179,
201,
244,
256,
254,
262,
277,
281,
295,
369,
428,
378,
288,
297,
386,
443,
486,
546,
544,
474,
417,
372,
303,
279,
353,
446,
457,
396,
345,
353,
356,
355,
388,
418,
375,
337,
375,
434,
436,
406,
380,
359,
386,
480,
561,
570,
551,
530,
524,
554,
583,
565,
564,
581,
565,
567,
653,
750,
749,
711,
717,
742,
724,
668,
612,
614,
692,
778,
801,
762,
722,
710,
714,
708,
671,
657,
674,
679,
665,
683,
725,
755,
749,
746,
766,
764,
717,
697,
760,
864,
919,
884,
768,
673,
681,
717,
712,
700,
722,
779,
852,
922,
929,
869,
822,
826,
831,
805,
800,
842,
904,
945,
948,
915,
852,
801,
805,
843,
834,
770,
710,
693,
737,
822,
876,
851,
824,
828,
805,
786,
855,
953,
945,
833,
730,
720,
772,
779,
713,
660,
674,
715,
752,
768,
759,
739,
711,
723,
798,
862,
855,
783,
702,
701,
758,
774,
717,
654,
614,
597,
590,
574,
577,
618,
619,
533,
445,
430,
467,
518,
602,
669,
644,
577,
575,
616,
608,
587,
600,
589,
545,
509,
537,
610,
647,
622,
596,
586,
542,
513,
577,
624,
570,
486,
445,
419,
399,
401,
397,
374,
345,
307,
288,
311,
339,
324,
313,
313,
280,
235,
250,
301,
329,
339,
357,
360,
324,
284,
284,
296,
276,
260,
244,
193,
121,
98,
134,
139,
93,
44,
16,
-4,
13,
65,
93,
64,
19,
0,
21,
37,
26,
41,
53,
-30,
-165,
-197,
-127,
-69,
-45,
-37,
-77,
-146,
-166,
-118,
-67,
-51,
-75,
-129,
-167,
-187,
-190,
-157,
-109,
-132,
-240,
-332,
-310,
-251,
-233,
-241,
-260,
-296,
-294,
-225,
-166,
-209,
-312,
-353,
-307,
-272,
-291,
-296,
-261,
-268,
-303,
-318,
-306,
-295,
-301,
-328,
-364,
-402,
-407,
-388,
-377,
-403,
-464,
-532,
-595,
-625,
-594,
-521,
-480,
-502,
-519,
-505,
-525,
-583,
-616,
-580,
-506,
-439,
-416,
-460,
-538,
-540,
-454,
-428,
-524,
-631,
-647,
-616,
-582,
-544,
-504,
-494,
-508,
-479,
-396,
-365,
-440,
-527,
-564,
-635,
-751,
-794,
-736,
-675,
-677,
-724,
-781,
-802,
-744,
-633,
-578,
-631,
-697,
-663,
-552,
-482,
-497,
-509,
-467,
-465,
-545,
-588,
-570,
-583,
-649,
-713,
-753,
-781,
-800,
-771,
-704,
-660,
-684,
-696,
-599,
-477,
-488,
-582,
-600,
-594,
-658,
-705,
-665,
-638,
-661,
-670,
-644,
-613,
-616,
-619,
-567,
-541,
-607,
-659,
-582,
-474,
-477,
-543,
-557,
-499,
-430,
-450,
-551,
-617,
-633,
-627,
-602,
-569,
-579,
-599,
-604,
-618,
-617,
-573,
-513,
-460,
-454,
-543,
-674,
-738,
-728,
-686,
-660,
-674,
-721,
-741,
-694,
-618,
-549,
-524,
-511,
-492,
-522,
-629,
-690,
-593,
-461,
-436,
-501,
-594,
-645,
-608,
-568,
-612,
-657,
-627,
-608,
-643,
-613,
-489,
-424,
-491,
-565,
-561,
-562,
-566,
-517,
-517,
-633,
-714,
-653,
-534,
-475,
-472,
-459,
-450,
-463,
-424,
-317,
-285,
-346,
-432,
-520,
-566,
-519,
-476,
-513,
-546,
-544,
-536,
-450,
-330,
-327,
-409,
-449,
-450,
-397,
-312,
-296,
-370,
-402,
-327,
-259,
-319,
-457,
-474,
-326,
-249,
-324,
-362,
-289,
-235,
-258,
-247,
-156,
-116,
-205,
-278,
-284,
-354,
-427,
-346,
-222,
-287,
-443,
-426,
-277,
-262,
-346,
-323,
-230,
-221,
-233,
-132,
-13,
-21,
-71,
-23,
45,
-18,
-158,
-220,
-206,
-190,
-208,
-222,
-178,
-73,
-3,
-25,
-64,
-80,
-103,
-126,
-84,
-29,
-22,
0,
54,
53,
46,
84,
54,
-44,
-62,
-11,
8,
13,
19,
18,
28,
30,
-10,
-13,
11,
2,
22,
83,
47,
-17,
74,
203,
195,
187,
235,
156,
25,
87,
232,
204,
97,
91,
150,
166,
133,
107,
101,
97,
110,
147,
155,
120,
133,
222,
292,
252,
160,
123,
113,
81,
93,
131,
112,
76,
99,
135,
164,
189,
146,
128,
208,
254,
228,
235,
265,
214,
174,
260,
247,
79,
103,
316,
372,
377,
528,
572,
541,
534,
242,
-23,
150,
227,
138,
451,
746,
423,
170,
387,
371,
100,
118,
234,
164,
205,
460,
647,
638,
440,
286,
423,
522,
229,
28,
258,
383,
217,
263,
514,
491,
240,
253,
479,
466,
312,
360,
550,
639,
511,
388,
507,
669,
617,
564,
613,
466,
187,
243,
502,
482,
290,
389,
660,
698,
621,
687,
704,
526,
410,
531,
641,
557,
502,
678,
832,
696,
500,
531,
626,
540,
408,
486,
631,
614,
565,
621,
603,
471,
487,
660,
697,
493,
273,
237,
377,
555,
634,
651,
685,
644,
491,
443,
562,
602,
521,
489,
497,
486,
525,
592,
579,
458,
329,
359,
522,
556,
389,
316,
460,
530,
465,
492,
569,
537,
470,
419,
370,
431,
574,
552,
377,
273,
258,
306,
462,
565,
457,
293,
234,
268,
306,
283,
247,
321,
401,
328,
282,
402,
412,
250,
233,
361,
311,
143,
208,
437,
495,
309,
124,
123,
234,
277,
196,
107,
99,
140,
252,
335,
233,
73,
42,
124,
239,
304,
187,
11,
63,
191,
104,
-32,
28,
89,
-10,
-50,
71,
85,
-36,
14,
231,
267,
48,
-125,
-16,
173,
151,
36,
-3,
15,
-4,
-34,
-4,
3,
-73,
-82,
1,
93,
142,
92,
-14,
22,
220,
271,
65,
-93,
12,
212,
219,
104,
41,
-12,
11,
178,
261,
92,
-143,
-147,
64,
191,
68,
-71,
0,
101,
58,
30,
98,
129,
55,
52,
126,
55,
-89,
-81,
51,
173,
222,
176,
80,
36,
63,
132,
244,
313,
275,
144,
10,
53,
234,
300,
240,
133,
-44,
-130,
72,
316,
213,
-76,
-79,
203,
346,
179,
-13,
43,
220,
229,
82,
95,
286,
355,
310,
254,
118,
57,
244,
396,
299,
170,
122,
77,
133,
233,
128,
-5,
149,
326,
154,
-57,
44,
160,
69,
124,
376,
327,
8,
27,
275,
212,
-19,
-31,
214,
460,
375,
21,
-67,
234,
322,
18,
-42,
230,
200,
-18,
176,
418,
106,
-211,
46,
355,
147,
-221,
-175,
137,
224,
132,
202,
246,
-63,
-387,
-211,
135,
19,
-312,
-194,
261,
420,
146,
-152,
-182,
-60,
-17,
17,
141,
141,
-119,
-287,
-72,
152,
15,
-166,
-91,
13,
-58,
-113,
-86,
-147,
-266,
-199,
50,
174,
32,
-135,
-121,
-4,
48,
-43,
-139,
-136,
-121,
-169,
-206,
-178,
-133,
-129,
-128,
-158,
-283,
-369,
-263,
-140,
-200,
-310,
-316,
-307,
-305,
-243,
-220,
-293,
-320,
-139,
98,
75,
-211,
-405,
-354,
-295,
-363,
-362,
-243,
-182,
-248,
-299,
-298,
-361,
-446,
-382,
-192,
-138,
-286,
-389,
-268,
-106,
-133,
-244,
-236,
-211,
-334,
-400,
-274,
-208,
-310,
-336,
-201,
-157,
-338,
-508,
-414,
-209,
-190,
-262,
-204,
-171,
-327,
-422,
-278,
-114,
-146,
-220,
-145,
-73,
-180,
-333,
-327,
-238,
-262,
-336,
-215,
56,
77,
-219,
-369,
-205,
-112,
-232,
-274,
-178,
-160,
-275,
-230,
24,
88,
-223,
-477,
-378,
-229,
-278,
-297,
-138,
-23,
-100,
-166,
-65,
-14,
-191,
-403,
-343,
-98,
11,
-67,
-112,
-74,
-100,
-164,
-126,
-60,
-106,
-190,
-165,
-79,
-78,
-169,
-215,
-151,
-69,
-73,
-116,
-152,
-219,
-254,
-201,
-158,
-154,
-116,
-37,
2,
-4,
-53,
-136,
-188,
-161,
-111,
-85,
-92,
-134,
-240,
-304,
-212,
-108,
-180,
-285,
-223,
-115,
-162,
-283,
-274,
-187,
-208,
-257,
-152,
-21,
-74,
-206,
-192,
-97,
-194,
-465,
-551,
-353,
-246,
-414,
-515,
-318,
-131,
-238,
-363,
-253,
-168,
-283,
-311,
-170,
-163,
-348,
-408,
-236,
-171,
-352,
-459,
-309,
-199,
-304,
-381,
-296,
-242,
-304,
-298,
-164,
-127,
-255,
-294,
-201,
-252,
-432,
-457,
-323,
-297,
-416,
-448,
-387,
-372,
-380,
-312,
-234,
-231,
-251,
-230,
-199,
-192,
-249,
-335,
-330,
-219,
-156,
-205,
-245,
-257,
-354,
-465,
-396,
-258,
-277,
-359,
-283,
-158,
-181,
-257,
-229,
-169,
-221,
-370,
-459,
-412,
-314,
-263,
-233,
-201,
-244,
-393,
-434,
-254,
-115,
-214,
-326,
-247,
-147,
-226,
-377,
-390,
-258,
-166,
-197,
-221,
-188,
-291,
-477,
-452,
-293,
-309,
-400,
-242,
-51,
-208,
-499,
-496,
-334,
-320,
-336,
-250,
-242,
-353,
-377,
-316,
-297,
-333,
-346,
-343,
-407,
-534,
-571,
-414,
-233,
-237,
-358,
-392,
-386,
-488,
-583,
-480,
-353,
-404,
-448,
-325,
-288,
-471,
-573,
-412,
-283,
-360,
-408,
-338,
-378,
-561,
-618,
-507,
-442,
-444,
-430,
-450,
-467,
-393,
-355,
-428,
-397,
-226,
-203,
-374,
-462,
-399,
-376,
-411,
-361,
-262,
-291,
-427,
-436,
-273,
-170,
-284,
-385,
-263,
-133,
-245,
-365,
-238,
-93,
-140,
-165,
-54,
-45,
-263,
-473,
-466,
-363,
-338,
-326,
-196,
-47,
-79,
-202,
-174,
-40,
-59,
-197,
-183,
-72,
-114,
-227,
-188,
-67,
-57,
-87,
-31,
5,
-111,
-246,
-196,
-27,
18,
-54,
-30,
70,
70,
-16,
-54,
-20,
58,
137,
135,
58,
-50,
-128,
-103,
-4,
32,
-43,
-66,
55,
168,
103,
-17,
10,
133,
143,
30,
-62,
-64,
4,
95,
155,
127,
62,
78,
176,
255,
246,
168,
114,
139,
251,
361,
323,
187,
129,
176,
210,
237,
275,
218,
118,
181,
361,
412,
311,
261,
328,
390,
370,
285,
243,
287,
355,
377,
329,
293,
357,
406,
344,
295,
378,
474,
515,
573,
604,
520,
446,
506,
612,
611,
555,
562,
614,
630,
584,
532,
556,
627,
637,
573,
542,
593,
617,
618,
682,
709,
572,
454,
566,
743,
715,
601,
631,
729,
717,
664,
647,
601,
575,
640,
737,
802,
828,
808,
784,
805,
824,
812,
777,
702,
674,
787,
925,
911,
787,
710,
670,
628,
670,
762,
756,
729,
807,
896,
885,
850,
867,
861,
784,
698,
691,
714,
676,
651,
739,
833,
835,
807,
748,
580,
439,
468,
571,
647,
746,
830,
788,
684,
669,
698,
669,
619,
590,
549,
536,
573,
621,
671,
725,
734,
641,
551,
521,
525,
508,
480,
532,
680,
753,
695,
613,
581,
572,
566,
516,
392,
318,
395,
479,
470,
477,
544,
530,
442,
422,
454,
430,
366,
315,
282,
313,
418,
476,
441,
434,
461,
400,
303,
291,
308,
293,
267,
218,
151,
138,
198,
271,
293,
294,
289,
232,
125,
85,
113,
138,
235,
375,
394,
305,
273,
310,
297,
224,
159,
137,
159,
174,
161,
144,
179,
234,
259,
246,
195,
130,
80,
63,
69,
92,
95,
84,
122,
171,
111,
23,
51,
110,
64,
-26,
-44,
-56,
-84,
-10,
114,
104,
-18,
-34,
70,
109,
58,
23,
13,
-4,
1,
59,
103,
44,
-89,
-142,
-39,
65,
4,
-91,
-52,
-18,
-98,
-134,
-89,
-110,
-178,
-158,
-72,
-48,
-69,
-57,
-27,
-69,
-169,
-211,
-171,
-103,
-34,
-13,
-59,
-114,
-115,
-121,
-154,
-166,
-174,
-187,
-177,
-154,
-131,
-99,
-56,
-52,
-129,
-219,
-273,
-304,
-267,
-186,
-164,
-180,
-164,
-165,
-255,
-330,
-280,
-188,
-208,
-334,
-413,
-381,
-324,
-291,
-280,
-314,
-356,
-343,
-326,
-346,
-385,
-395,
-394,
-387,
-330,
-260,
-243,
-268,
-337,
-419,
-447,
-444,
-448,
-414,
-381,
-427,
-484,
-475,
-459,
-492,
-530,
-516,
-465,
-464,
-498,
-458,
-369,
-393,
-455,
-420,
-381,
-487,
-611,
-594,
-546,
-563,
-565,
-503,
-474,
-578,
-726,
-747,
-665,
-630,
-680,
-674,
-626,
-644,
-688,
-650,
-566,
-566,
-642,
-695,
-708,
-718,
-739,
-740,
-734,
-753,
-743,
-668,
-592,
-597,
-656,
-725,
-795,
-797,
-675,
-595,
-688,
-806,
-804,
-777,
-804,
-804,
-745,
-742,
-808,
-832,
-812,
-846,
-924,
-926,
-791,
-671,
-684,
-770,
-794,
-773,
-764,
-743,
-728,
-779,
-872,
-884,
-810,
-792,
-847,
-838,
-770,
-779,
-839,
-882,
-924,
-959,
-947,
-926,
-895,
-817,
-735,
-721,
-762,
-804,
-831,
-809,
-760,
-757,
-806,
-797,
-748,
-759,
-849,
-897,
-842,
-800,
-866,
-959,
-962,
-881,
-805,
-764,
-767,
-813,
-860,
-873,
-859,
-831,
-808,
-758,
-679,
-634,
-658,
-713,
-766,
-804,
-824,
-835,
-861,
-826,
-741,
-765,
-851,
-812,
-704,
-681,
-706,
-658,
-596,
-621,
-695,
-705,
-633,
-611,
-655,
-633,
-574,
-594,
-646,
-666,
-715,
-774,
-773,
-725,
-660,
-607,
-599,
-603,
-581,
-528,
-506,
-580,
-672,
-628,
-548,
-579,
-581,
-446,
-368,
-420,
-421,
-400,
-510,
-610,
-548,
-475,
-528,
-543,
-434,
-393,
-465,
-484,
-409,
-366,
-352,
-276,
-224,
-333,
-407,
-320,
-255,
-334,
-382,
-322,
-299,
-330,
-305,
-246,
-278,
-401,
-489,
-430,
-293,
-205,
-211,
-234,
-199,
-157,
-99,
-1,
-29,
-218,
-286,
-135,
-3,
-27,
-47,
4,
40,
10,
-94,
-182,
-157,
-23,
75,
21,
-155,
-250,
-106,
148,
270,
209,
77,
-4,
6,
56,
66,
40,
77,
139,
126,
67,
79,
161,
205,
193,
181,
161,
144,
169,
259,
319,
290,
262,
324,
425,
463,
403,
336,
382,
461,
437,
374,
415,
527,
537,
420,
340,
368,
429,
455,
465,
502,
553,
571,
551,
559,
591,
593,
619,
667,
643,
576,
592,
652,
619,
568,
640,
755,
747,
624,
486,
455,
567,
729,
782,
719,
681,
733,
792,
793,
821,
898,
920,
846,
777,
744,
730,
786,
906,
986,
970,
934,
954,
999,
996,
933,
853,
821,
798,
778,
876,
1022,
1021,
955,
1011,
1087,
983,
794,
766,
887,
935,
885,
896,
1009,
1100,
1129,
1160,
1171,
1086,
990,
1016,
1118,
1146,
1113,
1109,
1096,
1037,
1018,
1081,
1153,
1164,
1147,
1131,
1154,
1260,
1339,
1283,
1165,
1100,
1080,
1096,
1199,
1284,
1214,
1126,
1217,
1381,
1363,
1196,
1113,
1141,
1175,
1184,
1182,
1188,
1208,
1264,
1309,
1256,
1114,
1005,
1024,
1128,
1182,
1160,
1128,
1182,
1279,
1289,
1189,
1085,
1002,
968,
1055,
1239,
1307,
1232,
1214,
1278,
1264,
1137,
1017,
969,
986,
1053,
1122,
1144,
1113,
1109,
1217,
1339,
1302,
1140,
1006,
947,
937,
953,
984,
999,
975,
930,
932,
971,
940,
880,
892,
941,
912,
856,
887,
949,
949,
951,
975,
919,
845,
881,
904,
801,
691,
726,
844,
852,
737,
695,
724,
686,
658,
761,
789,
639,
603,
782,
859,
689,
507,
486,
485,
425,
443,
552,
579,
478,
418,
413,
316,
204,
281,
464,
508,
412,
353,
355,
343,
350,
333,
231,
125,
142,
209,
233,
252,
262,
203,
136,
156,
211,
186,
114,
110,
151,
143,
93,
42,
-2,
-26,
-22,
14,
46,
21,
-77,
-140,
-111,
-43,
-41,
-166,
-328,
-356,
-293,
-275,
-296,
-308,
-302,
-265,
-220,
-279,
-437,
-501,
-410,
-323,
-347,
-413,
-419,
-358,
-321,
-319,
-308,
-316,
-401,
-505,
-558,
-569,
-562,
-499,
-424,
-424,
-486,
-511,
-455,
-423,
-482,
-476,
-408,
-450,
-529,
-462,
-366,
-410,
-475,
-471,
-484,
-532,
-583,
-634,
-647,
-607,
-557,
-502,
-442,
-462,
-596,
-703,
-673,
-594,
-569,
-592,
-627,
-619,
-538,
-461,
-464,
-555,
-633,
-649,
-651,
-681,
-711,
-669,
-611,
-619,
-637,
-618,
-618,
-666,
-708,
-722,
-774,
-853,
-859,
-804,
-751,
-697,
-651,
-659,
-719,
-744,
-735,
-746,
-788,
-815,
-779,
-737,
-754,
-769,
-731,
-694,
-709,
-781,
-874,
-924,
-915,
-870,
-826,
-803,
-784,
-779,
-844,
-886,
-806,
-723,
-771,
-842,
-826,
-806,
-799,
-731,
-623,
-604,
-664,
-723,
-807,
-894,
-863,
-755,
-730,
-782,
-819,
-801,
-749,
-734,
-774,
-801,
-801,
-831,
-854,
-813,
-797,
-842,
-832,
-744,
-700,
-707,
-706,
-736,
-806,
-812,
-769,
-792,
-870,
-923,
-905,
-835,
-764,
-745,
-746,
-751,
-764,
-772,
-784,
-792,
-784,
-789,
-822,
-844,
-818,
-769,
-777,
-842,
-878,
-877,
-914,
-954,
-934,
-880,
-845,
-831,
-844,
-872,
-863,
-820,
-832,
-858,
-834,
-831,
-919,
-1000,
-995,
-949,
-888,
-849,
-891,
-963,
-963,
-907,
-867,
-870,
-881,
-859,
-828,
-834,
-874,
-875,
-836,
-858,
-928,
-982,
-1037,
-1092,
-1069,
-958,
-895,
-946,
-963,
-878,
-791,
-812,
-876,
-890,
-873,
-861,
-801,
-669,
-583,
-636,
-733,
-782,
-808,
-828,
-785,
-696,
-678,
-716,
-649,
-520,
-502,
-592,
-664,
-672,
-675,
-675,
-652,
-648,
-646,
-581,
-483,
-444,
-476,
-510,
-532,
-538,
-502,
-421,
-331,
-288,
-285,
-265,
-228,
-222,
-276,
-333,
-357,
-383,
-369,
-302,
-254,
-272,
-269,
-226,
-210,
-212,
-209,
-223,
-250,
-267,
-266,
-230,
-188,
-142,
-69,
-25,
-50,
-109,
-137,
-118,
-72,
-15,
14,
8,
8,
41,
86,
104,
72,
29,
-1,
-44,
-84,
-68,
20,
121,
179,
185,
175,
156,
121,
77,
73,
153,
252,
304,
329,
342,
295,
223,
230,
249,
188,
135,
187,
273,
302,
350,
466,
513,
415,
374,
486,
562,
494,
403,
369,
349,
345,
383,
414,
411,
389,
409,
505,
566,
483,
376,
412,
525,
564,
562,
594,
596,
588,
645,
705,
655,
560,
542,
594,
629,
614,
617,
693,
748,
719,
675,
691,
735,
752,
740,
732,
752,
770,
798,
836,
837,
801,
765,
717,
719,
793,
860,
863,
833,
798,
782,
774,
767,
788,
828,
833,
796,
787,
839,
886,
905,
937,
969,
934,
845,
846,
958,
1042,
996,
874,
829,
875,
873,
809,
809,
852,
857,
869,
901,
864,
829,
908,
994,
951,
870,
847,
850,
888,
943,
924,
810,
734,
790,
854,
824,
768,
791,
850,
846,
802,
804,
815,
818,
835,
858,
887,
901,
880,
856,
869,
894,
884,
849,
833,
830,
829,
840,
855,
880,
924,
967,
987,
998,
1005,
977,
944,
950,
943,
878,
827,
852,
888,
868,
861,
888,
878,
802,
740,
759,
782,
748,
727,
772,
823,
810,
747,
727,
776,
824,
799,
756,
768,
796,
814,
824,
805,
746,
671,
627,
631,
648,
631,
560,
506,
523,
550,
549,
554,
551,
539,
533,
531,
523,
547,
610,
623,
551,
488,
475,
498,
504,
472,
418,
372,
351,
335,
342,
382,
386,
368,
387,
386,
307,
233,
292,
407,
392,
269,
212,
229,
208,
147,
137,
163,
126,
68,
70,
80,
30,
7,
94,
169,
127,
54,
28,
40,
56,
17,
-39,
-57,
-85,
-159,
-184,
-147,
-157,
-203,
-189,
-182,
-234,
-259,
-222,
-178,
-179,
-220,
-268,
-271,
-198,
-134,
-138,
-197,
-259,
-318,
-341,
-315,
-331,
-358,
-309,
-277,
-332,
-384,
-375,
-350,
-314,
-259,
-262,
-318,
-354,
-380,
-394,
-381,
-374,
-351,
-294,
-290,
-410,
-507,
-467,
-419,
-408,
-364,
-361,
-434,
-459,
-400,
-364,
-353,
-348,
-392,
-467,
-489,
-478,
-455,
-418,
-414,
-414,
-387,
-399,
-452,
-491,
-479,
-462,
-458,
-459,
-487,
-511,
-488,
-428,
-406,
-421,
-431,
-437,
-467,
-495,
-508,
-531,
-555,
-574,
-582,
-556,
-528,
-543,
-570,
-579,
-597,
-599,
-526,
-447,
-468,
-554,
-589,
-583,
-577,
-555,
-538,
-601,
-671,
-660,
-626,
-638,
-648,
-575,
-471,
-437,
-517,
-633,
-683,
-675,
-640,
-584,
-557,
-589,
-638,
-646,
-648,
-670,
-692,
-689,
-676,
-668,
-681,
-716,
-704,
-624,
-559,
-567,
-622,
-658,
-649,
-617,
-622,
-643,
-618,
-559,
-524,
-515,
-555,
-652,
-689,
-589,
-458,
-432,
-514,
-598,
-599,
-560,
-545,
-519,
-464,
-475,
-542,
-545,
-516,
-589,
-706,
-683,
-583,
-581,
-658,
-651,
-558,
-511,
-548,
-606,
-635,
-596,
-508,
-485,
-542,
-574,
-544,
-504,
-458,
-405,
-431,
-516,
-502,
-417,
-387,
-409,
-424,
-394,
-332,
-310,
-382,
-482,
-474,
-417,
-411,
-397,
-346,
-296,
-269,
-285,
-316,
-294,
-197,
-98,
-60,
-123,
-242,
-284,
-180,
-50,
-37,
-100,
-122,
-73,
-35,
-49,
-84,
-114,
-103,
-63,
-82,
-142,
-136,
-60,
7,
52,
79,
50,
-31,
-83,
-68,
-16,
23,
65,
99,
92,
72,
59,
63,
94,
124,
107,
101,
182,
260,
287,
318,
322,
250,
173,
172,
210,
228,
232,
256,
304,
308,
233,
153,
160,
232,
283,
282,
300,
332,
350,
387,
432,
444,
405,
350,
340,
384,
404,
325,
248,
289,
397,
473,
431,
316,
303,
418,
460,
380,
347,
434,
499,
518,
521,
488,
420,
409,
479,
517,
448,
395,
456,
542,
538,
505,
532,
578,
582,
575,
600,
597,
531,
508,
587,
663,
622,
505,
440,
461,
518,
553,
518,
448,
444,
528,
574,
513,
472,
544,
605,
541,
460,
490,
572,
595,
556,
530,
525,
497,
475,
502,
504,
426,
375,
463,
593,
600,
509,
488,
526,
519,
489,
506,
504,
446,
451,
525,
532,
434,
370,
433,
551,
582,
514,
505,
574,
583,
538,
539,
524,
450,
402,
425,
444,
440,
469,
518,
516,
462,
446,
467,
425,
411,
479,
505,
443,
380,
387,
449,
521,
511,
424,
393,
413,
402,
394,
418,
405,
384,
417,
445,
416,
424,
507,
542,
488,
440,
415,
390,
409,
458,
483,
458,
424,
406,
400,
428,
471,
478,
457,
431,
439,
461,
444,
436,
466,
487,
440,
362,
358,
397,
399,
355,
301,
256,
223,
237,
323,
400,
404,
363,
354,
388,
414,
446,
464,
449,
455,
477,
464,
426,
380,
382,
423,
410,
337,
298,
318,
326,
311,
342,
371,
328,
288,
351,
437,
415,
376,
416,
453,
418,
362,
328,
292,
252,
265,
352,
384,
322,
257,
271,
328,
344,
301,
298,
338,
315,
234,
227,
304,
338,
316,
291,
256,
212,
180,
198,
230,
237,
241,
271,
300,
287,
264,
265,
253,
219,
238,
277,
284,
323,
391,
367,
267,
240,
255,
207,
123,
108,
147,
199,
242,
230,
166,
102,
89,
101,
113,
87,
60,
64,
54,
9,
-14,
13,
57,
49,
0,
-30,
-38,
-43,
-28,
-29,
-77,
-126,
-126,
-85,
-73,
-83,
-106,
-140,
-128,
-38,
28,
-5,
-85,
-134,
-176,
-197,
-172,
-147,
-175,
-209,
-221,
-250,
-262,
-209,
-175,
-240,
-346,
-392,
-351,
-314,
-360,
-416,
-413,
-395,
-338,
-249,
-257,
-398,
-528,
-513,
-466,
-487,
-471,
-415,
-463,
-548,
-525,
-465,
-499,
-545,
-527,
-536,
-604,
-629,
-575,
-531,
-544,
-596,
-681,
-713,
-662,
-666,
-724,
-714,
-673,
-678,
-717,
-755,
-760,
-721,
-680,
-700,
-790,
-849,
-817,
-777,
-768,
-787,
-860,
-921,
-866,
-744,
-737,
-856,
-948,
-947,
-920,
-917,
-900,
-885,
-928,
-989,
-989,
-925,
-922,
-1000,
-1024,
-997,
-1037,
-1095,
-1053,
-969,
-963,
-1022,
-1058,
-1048,
-1042,
-1079,
-1095,
-1083,
-1110,
-1164,
-1189,
-1163,
-1132,
-1181,
-1257,
-1253,
-1214,
-1232,
-1230,
-1169,
-1117,
-1119,
-1149,
-1180,
-1179,
-1169,
-1175,
-1157,
-1126,
-1138,
-1163,
-1169,
-1180,
-1223,
-1275,
-1286,
-1224,
-1164,
-1180,
-1205,
-1176,
-1171,
-1223,
-1279,
-1302,
-1283,
-1242,
-1197,
-1187,
-1211,
-1249,
-1277,
-1297,
-1293,
-1244,
-1188,
-1185,
-1176,
-1151,
-1149,
-1111,
-1016,
-989,
-1086,
-1175,
-1158,
-1100,
-1086,
-1083,
-1041,
-1029,
-1090,
-1138,
-1138,
-1148,
-1141,
-1063,
-980,
-951,
-959,
-941,
-863,
-804,
-837,
-904,
-947,
-957,
-938,
-890,
-827,
-799,
-799,
-803,
-795,
-783,
-777,
-750,
-704,
-649,
-599,
-572,
-549,
-553,
-580,
-576,
-550,
-564,
-612,
-608,
-522,
-457,
-438,
-437,
-489,
-574,
-594,
-507,
-415,
-384,
-380,
-372,
-390,
-418,
-375,
-288,
-289,
-367,
-412,
-408,
-403,
-381,
-302,
-216,
-217,
-270,
-267,
-220,
-206,
-161,
-55,
18,
-14,
-71,
-34,
70,
109,
99,
104,
79,
22,
29,
96,
121,
85,
63,
83,
111,
111,
144,
192,
194,
156,
165,
241,
304,
342,
380,
397,
383,
359,
381,
430,
454,
434,
425,
469,
515,
493,
441,
416,
463,
523,
524,
506,
541,
578,
566,
551,
598,
633,
644,
651,
642,
600,
600,
661,
692,
660,
620,
618,
633,
625,
629,
690,
758,
752,
701,
690,
714,
706,
683,
701,
719,
695,
703,
765,
788,
723,
677,
719,
770,
796,
812,
820,
836,
877,
921,
912,
863,
827,
813,
848,
895,
884,
846,
843,
881,
919,
906,
846,
779,
775,
805,
839,
919,
993,
980,
951,
994,
1030,
988,
941,
944,
934,
893,
872,
905,
925,
927,
959,
990,
977,
943,
912,
922,
981,
1009,
1020,
1055,
1080,
1039,
977,
960,
961,
934,
929,
955,
983,
973,
955,
969,
998,
1013,
981,
929,
909,
907,
940,
1027,
1100,
1061,
973,
948,
942,
890,
874,
901,
886,
832,
828,
886,
937,
927,
908,
921,
965,
975,
945,
921,
917,
904,
897,
914,
915,
870,
861,
911,
918,
843,
770,
751,
765,
787,
816,
825,
781,
720,
718,
806,
895,
864,
733,
654,
694,
713,
662,
639,
680,
702,
681,
692,
710,
677,
628,
609,
603,
586,
588,
607,
627,
646,
659,
611,
528,
520,
593,
624,
566,
495,
475,
504,
556,
623,
662,
623,
565,
553,
519,
440,
447,
540,
556,
496,
475,
509,
538,
551,
557,
543,
518,
493,
475,
460,
455,
473,
496,
490,
470,
465,
443,
368,
311,
354,
435,
436,
386,
391,
417,
371,
344,
422,
520,
518,
450,
398,
385,
378,
347,
301,
298,
327,
337,
332,
349,
361,
338,
312,
303,
297,
304,
328,
356,
381,
414,
435,
413,
354,
299,
296,
313,
293,
264,
269,
297,
309,
297,
267,
234,
227,
223,
193,
174,
179,
201,
214,
199,
148,
112,
152,
199,
150,
94,
91,
75,
22,
23,
63,
55,
16,
20,
72,
118,
81,
-2,
-13,
57,
77,
30,
8,
26,
33,
24,
28,
11,
-36,
-76,
-89,
-99,
-101,
-110,
-118,
-117,
-108,
-136,
-208,
-254,
-261,
-254,
-216,
-161,
-164,
-216,
-242,
-253,
-273,
-253,
-229,
-260,
-299,
-284,
-275,
-322,
-359,
-341,
-325,
-320,
-301,
-287,
-313,
-341,
-331,
-294,
-281,
-344,
-445,
-484,
-436,
-393,
-379,
-358,
-326,
-318,
-349,
-398,
-409,
-392,
-418,
-482,
-519,
-518,
-480,
-423,
-406,
-432,
-449,
-459,
-482,
-484,
-493,
-537,
-560,
-531,
-494,
-493,
-515,
-529,
-547,
-585,
-589,
-598,
-681,
-738,
-685,
-588,
-535,
-523,
-540,
-581,
-620,
-628,
-631,
-640,
-621,
-558,
-532,
-593,
-699,
-764,
-776,
-755,
-709,
-693,
-734,
-790,
-801,
-770,
-749,
-774,
-834,
-883,
-852,
-771,
-743,
-780,
-809,
-807,
-819,
-839,
-829,
-780,
-750,
-763,
-759,
-722,
-715,
-756,
-766,
-763,
-801,
-850,
-853,
-807,
-792,
-809,
-778,
-734,
-776,
-823,
-797,
-781,
-829,
-877,
-860,
-784,
-748,
-774,
-767,
-741,
-801,
-945,
-1009,
-944,
-863,
-862,
-872,
-837,
-835,
-852,
-770,
-668,
-693,
-818,
-872,
-817,
-765,
-746,
-701,
-652,
-675,
-709,
-695,
-693,
-758,
-819,
-793,
-726,
-701,
-688,
-664,
-661,
-673,
-658,
-621,
-597,
-598,
-632,
-655,
-628,
-602,
-601,
-583,
-543,
-536,
-566,
-561,
-519,
-512,
-543,
-532,
-470,
-438,
-485,
-529,
-525,
-481,
-423,
-387,
-393,
-434,
-466,
-423,
-327,
-287,
-341,
-409,
-429,
-404,
-352,
-325,
-325,
-318,
-332,
-380,
-388,
-340,
-296,
-264,
-236,
-253,
-326,
-350,
-246,
-114,
-69,
-86,
-80,
-61,
-82,
-144,
-183,
-133,
-58,
-62,
-127,
-177,
-192,
-165,
-104,
-51,
-59,
-110,
-129,
-102,
-84,
-89,
-83,
-40,
3,
14,
20,
57,
110,
146,
134,
105,
99,
105,
125,
162,
162,
109,
80,
127,
159,
111,
50,
39,
67,
84,
90,
116,
165,
225,
269,
256,
250,
301,
360,
348,
293,
254,
258,
283,
293,
266,
249,
277,
326,
339,
294,
244,
243,
279,
367,
458,
477,
446,
421,
417,
440,
497,
536,
513,
455,
402,
347,
291,
287,
367,
442,
424,
379,
390,
439,
493,
533,
533,
515,
529,
544,
534,
536,
572,
562,
495,
436,
418,
426,
437,
443,
435,
433,
445,
483,
524,
539,
504,
459,
440,
427,
419,
442,
487,
487,
411,
360,
407,
471,
475,
428,
406,
405,
378,
358,
390,
445,
471,
469,
507,
562,
532,
434,
379,
409,
439,
430,
405,
359,
289,
277,
344,
397,
374,
303,
276,
281,
249,
197,
218,
279,
265,
203,
196,
247,
264,
230,
203,
192,
174,
169,
196,
207,
153,
114,
142,
190,
187,
152,
91,
8,
-56,
-71,
-38,
15,
19,
5,
40,
78,
31,
-55,
-77,
-68,
-70,
-57,
-7,
33,
-5,
-67,
-66,
-46,
-69,
-108,
-120,
-106,
-119,
-138,
-114,
-59,
-28,
-56,
-84,
-82,
-76,
-88,
-119,
-125,
-124,
-116,
-81,
-60,
-80,
-100,
-105,
-95,
-57,
-41,
-86,
-91,
-25,
10,
-2,
14,
47,
54,
39,
3,
-57,
-112,
-145,
-141,
-114,
-87,
-86,
-83,
-45,
-36,
-72,
-75,
-15,
35,
17,
-17,
-47,
-55,
-7,
42,
23,
-38,
-74,
-89,
-96,
-78,
-32,
5,
9,
-21,
-64,
-93,
-114,
-122,
-87,
-51,
-82,
-142,
-144,
-114,
-124,
-162,
-162,
-157,
-218,
-289,
-315,
-317,
-288,
-211,
-140,
-149,
-208,
-243,
-243,
-230,
-228,
-247,
-252,
-215,
-197,
-246,
-327,
-331,
-270,
-238,
-288,
-385,
-454,
-455,
-381,
-295,
-267,
-300,
-335,
-354,
-387,
-406,
-380,
-331,
-286,
-252,
-238,
-247,
-273,
-293,
-296,
-274,
-280,
-319,
-306,
-259,
-288,
-377,
-409,
-385,
-363,
-368,
-389,
-424,
-440,
-404,
-349,
-309,
-323,
-351,
-349,
-354,
-399,
-404,
-356,
-357,
-418,
-447,
-432,
-427,
-415,
-398,
-408,
-440,
-462,
-457,
-465,
-487,
-465,
-413,
-406,
-436,
-401,
-309,
-289,
-311,
-281,
-235,
-259,
-321,
-325,
-293,
-285,
-291,
-284,
-278,
-292,
-299,
-286,
-278,
-275,
-260,
-280,
-335,
-340,
-272,
-208,
-192,
-177,
-146,
-145,
-182,
-204,
-158,
-100,
-111,
-166,
-186,
-161,
-132,
-119,
-109,
-103,
-113,
-134,
-139,
-105,
-67,
-80,
-85,
-24,
12,
-21,
-31,
24,
52,
23,
28,
97,
128,
82,
56,
80,
74,
21,
2,
28,
40,
7,
-12,
39,
136,
189,
198,
198,
201,
218,
231,
222,
201,
169,
121,
85,
108,
151,
158,
151,
122,
69,
48,
72,
111,
144,
150,
117,
81,
88,
162,
255,
287,
234,
151,
86,
61,
98,
164,
195,
181,
170,
181,
196,
214,
242,
252,
220,
192,
204,
258,
297,
308,
330,
383,
412,
364,
267,
213,
220,
238,
267,
316,
335,
304,
296,
327,
345,
361,
394,
402,
391,
396,
414,
418,
435,
469,
460,
422,
421,
426,
381,
363,
421,
454,
421,
415,
451,
468,
490,
534,
546,
513,
468,
461,
499,
525,
528,
536,
565,
601,
610,
570,
533,
547,
579,
575,
547,
513,
532,
601,
648,
647,
614,
594,
607,
615,
579,
554,
564,
578,
598,
602,
560,
518,
551,
614,
641,
620,
590,
618,
678,
689,
649,
623,
623,
618,
630,
658,
665,
646,
635,
648,
633,
567,
542,
624,
701,
661,
581,
588,
636,
640,
621,
605,
589,
623,
668,
637,
562,
528,
548,
571,
581,
564,
509,
474,
492,
557,
636,
657,
608,
567,
570,
582,
603,
639,
657,
626,
589,
572,
542,
501,
494,
518,
520,
491,
470,
456,
446,
448,
458,
452,
454,
489,
497,
469,
486,
512,
474,
433,
494,
590,
596,
538,
515,
528,
514,
466,
423,
416,
437,
454,
455,
448,
439,
412,
404,
432,
433,
391,
371,
408,
436,
422,
410,
377,
318,
312,
369,
408,
387,
334,
301,
306,
315,
295,
260,
268,
294,
294,
289,
282,
261,
235,
214,
173,
124,
94,
115,
189,
236,
215,
158,
90,
16,
1,
44,
64,
49,
55,
85,
87,
73,
97,
131,
125,
71,
15,
-3,
33,
70,
46,
-17,
-68,
-92,
-78,
-66,
-65,
-77,
-101,
-181,
-268,
-276,
-236,
-209,
-202,
-234,
-315,
-370,
-356,
-317,
-273,
-245,
-301,
-390,
-395,
-343,
-321,
-334,
-353,
-393,
-395,
-358,
-352,
-379,
-397,
-394,
-408,
-446,
-458,
-415,
-360,
-378,
-450,
-462,
-447,
-484,
-521,
-503,
-488,
-519,
-555,
-575,
-570,
-561,
-558,
-554,
-551,
-571,
-591,
-619,
-684,
-749,
-742,
-676,
-630,
-641,
-690,
-727,
-714,
-669,
-655,
-659,
-688,
-756,
-797,
-766,
-713,
-705,
-729,
-741,
-743,
-787,
-861,
-899,
-860,
-804,
-804,
-845,
-869,
-875,
-872,
-851,
-855,
-912,
-950,
-946,
-959,
-997,
-996,
-973,
-983,
-1004,
-1000,
-956,
-913,
-890,
-863,
-840,
-862,
-933,
-983,
-946,
-893,
-895,
-925,
-928,
-897,
-863,
-844,
-879,
-932,
-977,
-972,
-925,
-903,
-920,
-889,
-831,
-836,
-889,
-865,
-762,
-698,
-738,
-809,
-820,
-773,
-745,
-748,
-746,
-737,
-779,
-858,
-865,
-777,
-726,
-763,
-808,
-804,
-775,
-752,
-725,
-686,
-669,
-682,
-690,
-660,
-618,
-584,
-561,
-584,
-638,
-684,
-696,
-675,
-648,
-656,
-693,
-725,
-750,
-775,
-743,
-644,
-570,
-591,
-641,
-651,
-631,
-613,
-579,
-544,
-565,
-634,
-671,
-652,
-614,
-565,
-551,
-610,
-670,
-667,
-616,
-573,
-541,
-499,
-456,
-431,
-399,
-356,
-340,
-355,
-371,
-397,
-445,
-463,
-428,
-385,
-391,
-441,
-489,
-509,
-505,
-486,
-455,
-423,
-419,
-428,
-400,
-320,
-253,
-232,
-227,
-216,
-215,
-224,
-242,
-254,
-232,
-195,
-188,
-193,
-180,
-168,
-177,
-186,
-180,
-194,
-207,
-159,
-83,
-69,
-95,
-63,
8,
24,
19,
27,
41,
44,
62,
83,
98,
110,
161,
230,
224,
133,
66,
79,
96,
101,
122,
151,
179,
195,
177,
144,
151,
196,
225,
259,
301,
292,
272,
337,
424,
426,
359,
311,
336,
387,
405,
376,
351,
329,
302,
308,
339,
327,
300,
313,
334,
334,
356,
418,
446,
419,
385,
380,
386,
410,
477,
526,
503,
470,
452,
442,
444,
485,
507,
475,
444,
443,
470,
512,
547,
571,
580,
549,
498,
490,
531,
555,
532,
503,
501,
504,
512,
545,
567,
568,
568,
569,
540,
496,
484,
503,
556,
609,
621,
626,
640,
658,
674,
689,
678,
632,
599,
601,
627,
656,
664,
682,
704,
692,
662,
647,
630,
615,
640,
706,
740,
728,
711,
688,
662,
663,
687,
726,
763,
773,
760,
726,
659,
597,
606,
689,
757,
764,
754,
738,
709,
734,
835,
899,
844,
754,
711,
720,
769,
824,
841,
844,
860,
874,
852,
796,
747,
727,
754,
826,
877,
852,
826,
839,
847,
854,
882,
902,
872,
838,
842,
862,
875,
893,
892,
885,
884,
869,
836,
836,
861,
860,
834,
817,
804,
804,
813,
809,
778,
749,
775,
839,
892,
907,
870,
789,
728,
740,
802,
878,
914,
888,
820,
773,
791,
838,
863,
841,
777,
684,
620,
633,
694,
738,
762,
740,
688,
668,
662,
626,
604,
660,
715,
699,
667,
643,
593,
519,
492,
542,
600,
589,
534,
501,
500,
504,
515,
542,
563,
529,
451,
396,
393,
405,
398,
374,
346,
322,
303,
268,
244,
270,
329,
333,
264,
211,
204,
227,
278,
340,
349,
290,
250,
264,
275,
227,
141,
80,
94,
126,
105,
62,
47,
29,
-7,
-22,
3,
19,
-1,
-30,
-51,
-87,
-113,
-63,
18,
-1,
-95,
-140,
-109,
-81,
-108,
-154,
-158,
-156,
-203,
-273,
-318,
-318,
-302,
-310,
-336,
-366,
-375,
-334,
-275,
-279,
-372,
-461,
-477,
-431,
-367,
-347,
-388,
-419,
-390,
-355,
-335,
-338,
-380,
-436,
-454,
-441,
-460,
-520,
-564,
-571,
-592,
-647,
-672,
-661,
-657,
-669,
-668,
-665,
-666,
-631,
-600,
-634,
-681,
-661,
-610,
-596,
-614,
-654,
-727,
-796,
-796,
-734,
-677,
-680,
-736,
-801,
-853,
-871,
-846,
-810,
-789,
-771,
-769,
-789,
-804,
-779,
-746,
-735,
-734,
-732,
-743,
-752,
-758,
-768,
-784,
-796,
-796,
-796,
-825,
-862,
-878,
-877,
-855,
-823,
-808,
-819,
-837,
-842,
-837,
-832,
-844,
-863,
-870,
-849,
-810,
-810,
-853,
-876,
-835,
-781,
-770,
-781,
-801,
-812,
-826,
-842,
-813,
-750,
-695,
-674,
-685,
-715,
-741,
-717,
-669,
-643,
-642,
-662,
-710,
-753,
-754,
-748,
-773,
-793,
-761,
-700,
-659,
-636,
-622,
-610,
-599,
-575,
-551,
-544,
-561,
-585,
-557,
-507,
-524,
-578,
-581,
-578,
-621,
-642,
-611,
-579,
-564,
-554,
-537,
-525,
-522,
-472,
-390,
-373,
-434,
-487,
-474,
-428,
-392,
-405,
-456,
-477,
-470,
-456,
-439,
-428,
-429,
-405,
-339,
-311,
-382,
-432,
-346,
-217,
-210,
-300,
-356,
-356,
-362,
-374,
-370,
-365,
-369,
-335,
-280,
-274,
-322,
-327,
-271,
-210,
-208,
-234,
-214,
-158,
-147,
-178,
-213,
-268,
-315,
-284,
-193,
-185,
-272,
-328,
-267,
-191,
-201,
-213,
-148,
-92,
-118,
-178,
-201,
-154,
-107,
-133,
-192,
-219,
-199,
-172,
-149,
-140,
-152,
-184,
-211,
-219,
-212,
-162,
-90,
-76,
-140,
-203,
-208,
-197,
-192,
-129,
-46,
-57,
-144,
-177,
-133,
-63,
0,
21,
-30,
-111,
-88,
20,
73,
46,
45,
65,
39,
19,
76,
122,
93,
24,
-4,
8,
43,
91,
114,
61,
-2,
8,
69,
122,
145,
123,
73,
66,
127,
201,
233,
203,
164,
183,
241,
234,
163,
167,
254,
280,
202,
130,
162,
246,
285,
263,
204,
165,
194,
260,
296,
278,
258,
287,
338,
375,
377,
377,
391,
361,
277,
221,
253,
306,
317,
334,
360,
316,
258,
278,
333,
323,
256,
230,
274,
335,
356,
352,
338,
343,
382,
420,
408,
385,
392,
408,
400,
403,
425,
436,
473,
561,
596,
498,
375,
365,
428,
481,
511,
507,
446,
376,
408,
497,
506,
446,
444,
506,
535,
517,
509,
556,
608,
604,
577,
560,
535,
518,
541,
584,
578,
511,
476,
532,
575,
524,
445,
421,
438,
467,
492,
488,
472,
490,
540,
574,
561,
526,
500,
510,
551,
569,
550,
511,
475,
489,
533,
547,
526,
522,
537,
532,
498,
504,
592,
659,
628,
559,
528,
523,
552,
623,
662,
613,
541,
576,
688,
704,
598,
532,
559,
590,
578,
567,
562,
541,
528,
579,
635,
625,
579,
556,
556,
546,
526,
494,
483,
515,
530,
535,
550,
545,
537,
574,
626,
624,
561,
503,
493,
515,
538,
564,
605,
615,
569,
533,
559,
582,
579,
563,
544,
509,
461,
450,
472,
484,
473,
453,
437,
422,
426,
446,
435,
373,
332,
353,
391,
378,
331,
311,
323,
293,
261,
279,
291,
277,
298,
342,
341,
314,
343,
401,
401,
343,
280,
257,
259,
290,
341,
380,
383,
336,
256,
236,
264,
265,
258,
282,
289,
234,
190,
217,
258,
265,
267,
289,
285,
215,
138,
119,
135,
160,
188,
203,
176,
114,
96,
138,
163,
145,
127,
128,
158,
180,
190,
196,
193,
160,
121,
99,
50,
-10,
-39,
-44,
-65,
-89,
-104,
-112,
-116,
-114,
-101,
-117,
-188,
-233,
-190,
-131,
-163,
-228,
-189,
-95,
-74,
-113,
-150,
-162,
-166,
-169,
-192,
-229,
-250,
-246,
-226,
-217,
-251,
-302,
-327,
-315,
-291,
-288,
-315,
-332,
-287,
-242,
-250,
-259,
-239,
-215,
-240,
-310,
-376,
-413,
-395,
-345,
-357,
-437,
-501,
-484,
-443,
-455,
-490,
-496,
-467,
-443,
-442,
-467,
-502,
-499,
-429,
-344,
-315,
-357,
-405,
-400,
-340,
-301,
-336,
-395,
-421,
-429,
-466,
-486,
-457,
-429,
-403,
-354,
-348,
-425,
-485,
-464,
-394,
-344,
-350,
-373,
-377,
-349,
-306,
-280,
-298,
-326,
-350,
-381,
-402,
-397,
-391,
-401,
-394,
-365,
-337,
-338,
-335,
-293,
-270,
-302,
-322,
-297,
-261,
-240,
-217,
-228,
-279,
-295,
-255,
-243,
-287,
-317,
-314,
-307,
-281,
-256,
-264,
-264,
-248,
-229,
-222,
-212,
-218,
-239,
-201,
-141,
-146,
-186,
-213,
-235,
-227,
-187,
-166,
-191,
-184,
-133,
-123,
-152,
-158,
-146,
-118,
-82,
-67,
-100,
-105,
-59,
-31,
-37,
-72,
-139,
-171,
-125,
-77,
-72,
-82,
-97,
-122,
-112,
-68,
-77,
-145,
-178,
-136,
-79,
-86,
-143,
-187,
-185,
-151,
-117,
-118,
-139,
-150,
-155,
-169,
-171,
-187,
-225,
-251,
-243,
-215,
-243,
-326,
-328,
-233,
-185,
-223,
-293,
-335,
-289,
-190,
-139,
-149,
-173,
-192,
-208,
-225,
-227,
-208,
-217,
-251,
-222,
-164,
-232,
-343,
-351,
-299,
-280,
-295,
-299,
-289,
-263,
-228,
-228,
-247,
-242,
-240,
-258,
-274,
-272,
-263,
-226,
-181,
-188,
-221,
-219,
-211,
-219,
-208,
-183,
-175,
-158,
-133,
-135,
-117,
-70,
-92,
-158,
-149,
-58,
-19,
-101,
-194,
-163,
-84,
-104,
-144,
-106,
-44,
32,
81,
3,
-121,
-112,
-29,
-33,
-71,
-9,
88,
82,
1,
-25,
3,
38,
73,
69,
1,
-74,
-77,
-4,
58,
51,
12,
4,
36,
84,
152,
190,
125,
41,
71,
140,
132,
97,
126,
190,
234,
179,
66,
33,
98,
125,
61,
14,
44,
90,
101,
97,
76,
45,
101,
227,
281,
239,
185,
144,
143,
188,
224,
219,
205,
180,
163,
196,
266,
280,
211,
170,
204,
224,
177,
133,
200,
311,
320,
254,
223,
228,
214,
218,
288,
312,
238,
163,
153,
206,
273,
258,
178,
170,
239,
268,
234,
213,
220,
237,
254,
289,
335,
342,
323,
322,
341,
344,
313,
314,
354,
346,
259,
213,
254,
262,
249,
259,
253,
246,
277,
327,
366,
352,
297,
257,
265,
277,
280,
351,
488,
574,
553,
449,
308,
195,
189,
277,
367,
400,
419,
460,
472,
394,
296,
292,
379,
448,
436,
358,
291,
265,
280,
354,
444,
440,
352,
261,
191,
162,
191,
294,
435,
466,
387,
346,
334,
317,
335,
387,
398,
340,
281,
280,
324,
332,
258,
172,
153,
198,
238,
220,
188,
143,
122,
197,
265,
261,
263,
262,
190,
141,
190,
236,
226,
224,
242,
251,
206,
106,
59,
138,
215,
203,
203,
239,
187,
94,
80,
80,
48,
78,
144,
123,
86,
105,
111,
109,
146,
184,
190,
160,
57,
-18,
34,
141,
156,
98,
62,
34,
37,
84,
121,
122,
67,
-27,
-59,
-15,
-3,
-57,
-53,
6,
-41,
-163,
-185,
-99,
-50,
-58,
-43,
-51,
-124,
-157,
-93,
-16,
-17,
-65,
-73,
-32,
-7,
-32,
-41,
-52,
-84,
-131,
-169,
-141,
-92,
-84,
-101,
-91,
-106,
-158,
-162,
-94,
-89,
-154,
-200,
-193,
-212,
-251,
-183,
-40,
19,
-35,
-97,
-123,
-148,
-167,
-184,
-210,
-289,
-420,
-480,
-374,
-281,
-378,
-546,
-606,
-606,
-651,
-681,
-629,
-566,
-553,
-517,
-425,
-402,
-501,
-560,
-528,
-491,
-467,
-460,
-483,
-500,
-465,
-378,
-309,
-340,
-455,
-539,
-565,
-607,
-605,
-514,
-434,
-436,
-483,
-507,
-514,
-539,
-548,
-525,
-461,
-410,
-482,
-594,
-581,
-456,
-375,
-365,
-374,
-370,
-327,
-288,
-343,
-429,
-430,
-367,
-349,
-363,
-338,
-311,
-343,
-382,
-361,
-327,
-329,
-350,
-356,
-324,
-279,
-234,
-196,
-172,
-119,
-93,
-140,
-169,
-196,
-227,
-183,
-90,
-75,
-148,
-186,
-203,
-265,
-302,
-272,
-241,
-271,
-288,
-202,
-75,
2,
14,
27,
122,
206,
151,
87,
152,
231,
244,
249,
203,
98,
28,
14,
7,
-62,
-165,
-199,
-110,
18,
44,
19,
29,
64,
40,
-39,
-41,
41,
133,
216,
242,
160,
47,
33,
143,
282,
284,
110,
15,
123,
224,
211,
174,
137,
113,
130,
166,
198,
229,
194,
129,
165,
239,
181,
72,
77,
109,
62,
38,
100,
138,
110,
111,
123,
113,
157,
262,
330,
308,
234,
203,
235,
306,
348,
272,
150,
137,
219,
264,
233,
172,
104,
100,
187,
282,
285,
207,
152,
194,
298,
363,
345,
338,
391,
401,
360,
363,
375,
345,
350,
379,
339,
285,
303,
347,
371,
357,
303,
331,
481,
537,
399,
267,
316,
436,
504,
519,
447,
321,
281,
381,
506,
553,
492,
375,
362,
458,
557,
607,
598,
504,
389,
369,
395,
319,
206,
231,
340,
368,
293,
283,
374,
442,
415,
350,
318,
280,
245,
323,
451,
436,
331,
356,
474,
467,
329,
220,
180,
186,
242,
282,
212,
131,
161,
258,
297,
234,
129,
76,
133,
183,
161,
182,
280,
331,
292,
208,
110,
48,
64,
142,
209,
177,
42,
-28,
90,
256,
223,
32,
-68,
-63,
-30,
61,
123,
-11,
-185,
-136,
52,
131,
51,
-110,
-217,
-172,
-96,
-87,
-57,
35,
50,
-62,
-165,
-188,
-166,
-94,
-7,
-7,
-77,
-114,
-96,
-56,
-38,
-96,
-204,
-200,
-28,
38,
-160,
-379,
-365,
-181,
-13,
-8,
-180,
-321,
-229,
-80,
-80,
-131,
-111,
-81,
-108,
-126,
-164,
-225,
-199,
-110,
-123,
-218,
-251,
-255,
-275,
-204,
-147,
-211,
-226,
-128,
-86,
-173,
-264,
-287,
-222,
-18,
161,
99,
-118,
-253,
-226,
-152,
-133,
-163,
-189,
-132,
-60,
-88,
-154,
-177,
-191,
-174,
-126,
-148,
-231,
-238,
-211,
-266,
-295,
-253,
-256,
-301,
-299,
-251,
-208,
-185,
-156,
-127,
-122,
-120,
-98,
-30,
5,
-70,
-135,
-87,
47,
160,
122,
-65,
-250,
-303,
-274,
-267,
-250,
-221,
-204,
-164,
-159,
-261,
-336,
-265,
-132,
-102,
-149,
-178,
-205,
-178,
-77,
-53,
-118,
-149,
-115,
-90,
-107,
-120,
-134,
-127,
-98,
-98,
-129,
-188,
-244,
-224,
-164,
-156,
-188,
-210,
-187,
-141,
-133,
-174,
-211,
-205,
-149,
-100,
-113,
-159,
-188,
-199,
-153,
-49,
-19,
-108,
-140,
-115,
-155,
-223,
-214,
-179,
-187,
-199,
-174,
-191,
-280,
-298,
-212,
-167,
-186,
-195,
-208,
-197,
-164,
-181,
-221,
-184,
-116,
-82,
-51,
-44,
-107,
-159,
-135,
-96,
-85,
-82,
-95,
-134,
-173,
-192,
-211,
-253,
-299,
-296,
-205,
-134,
-193,
-258,
-201,
-95,
-68,
-122,
-134,
-111,
-138,
-191,
-204,
-191,
-196,
-130,
-37,
-63,
-181,
-275,
-258,
-141,
-63,
-103,
-194,
-239,
-227,
-201,
-163,
-126,
-115,
-125,
-145,
-180,
-263,
-266,
-157,
-89,
-140,
-251,
-324,
-291,
-168,
-72,
-124,
-245,
-280,
-213,
-146,
-151,
-196,
-221,
-227,
-213,
-173,
-164,
-176,
-164,
-149,
-149,
-161,
-191,
-190,
-109,
-16,
-61,
-168,
-191,
-164,
-163,
-192,
-219,
-197,
-161,
-142,
-160,
-192,
-182,
-159,
-155,
-171,
-200,
-198,
-156,
-109,
-116,
-213,
-316,
-290,
-183,
-138,
-176,
-243,
-257,
-210,
-174,
-219,
-284,
-256,
-204,
-185,
-186,
-208,
-226,
-197,
-102,
-47,
-105,
-159,
-132,
-94,
-143,
-237,
-237,
-140,
-86,
-121,
-189,
-222,
-211,
-137,
-27,
-19,
-139,
-254,
-269,
-175,
-97,
-106,
-149,
-151,
-90,
-64,
-104,
-140,
-148,
-149,
-76,
25,
-26,
-198,
-227,
-92,
-13,
-25,
-46,
-21,
-11,
-86,
-161,
-160,
-116,
-77,
-47,
-36,
-95,
-198,
-189,
-26,
60,
-66,
-202,
-191,
-101,
-1,
50,
-13,
-105,
-108,
13,
98,
-11,
-196,
-197,
-13,
91,
5,
-125,
-138,
-39,
46,
49,
-25,
-145,
-200,
-121,
-19,
-27,
-65,
-54,
-15,
-5,
-47,
-101,
-98,
-45,
-15,
-1,
-6,
-72,
-93,
22,
148,
141,
39,
15,
116,
208,
167,
70,
72,
137,
174,
184,
176,
147,
116,
129,
195,
247,
223,
136,
58,
49,
98,
172,
307,
409,
329,
164,
152,
259,
317,
304,
280,
234,
179,
144,
136,
150,
203,
275,
269,
156,
70,
140,
287,
346,
314,
302,
332,
385,
475,
537,
489,
401,
388,
465,
536,
488,
381,
371,
443,
470,
473,
494,
474,
400,
394,
438,
444,
442,
525,
625,
603,
501,
492,
616,
695,
645,
591,
605,
615,
589,
577,
560,
466,
392,
459,
576,
624,
599,
541,
456,
414,
465,
528,
535,
506,
460,
421,
434,
503,
552,
535,
509,
474,
411,
354,
382,
473,
551,
599,
586,
527,
515,
584,
642,
630,
591,
566,
546,
561,
615,
642,
599,
545,
562,
594,
568,
524,
510,
515,
512,
481,
426,
412,
486,
596,
628,
597,
578,
568,
555,
592,
672,
694,
622,
563,
609,
693,
719,
704,
693,
680,
611,
520,
476,
484,
535,
597,
635,
627,
603,
583,
609,
675,
707,
618,
532,
582,
683,
696,
635,
608,
622,
605,
551,
446,
345,
366,
498,
568,
532,
499,
522,
574,
572,
483,
376,
347,
400,
449,
433,
401,
379,
355,
340,
325,
296,
274,
291,
301,
271,
226,
203,
236,
326,
393,
367,
261,
176,
170,
166,
112,
98,
163,
197,
112,
-9,
-44,
-5,
46,
72,
31,
-45,
-90,
-75,
-40,
-38,
-68,
-104,
-125,
-129,
-121,
-73,
-16,
-8,
-55,
-91,
-78,
-88,
-138,
-150,
-114,
-132,
-224,
-307,
-314,
-315,
-358,
-393,
-389,
-383,
-387,
-359,
-318,
-342,
-387,
-380,
-393,
-458,
-466,
-399,
-356,
-397,
-467,
-499,
-508,
-542,
-597,
-613,
-621,
-615,
-576,
-530,
-483,
-472,
-518,
-546,
-532,
-556,
-637,
-690,
-686,
-666,
-673,
-692,
-735,
-788,
-794,
-750,
-726,
-753,
-774,
-775,
-793,
-825,
-837,
-805,
-753,
-773,
-854,
-931,
-953,
-895,
-829,
-847,
-942,
-1020,
-1019,
-965,
-900,
-873,
-908,
-956,
-1002,
-1012,
-972,
-927,
-939,
-1013,
-1041,
-964,
-874,
-880,
-962,
-997,
-912,
-778,
-711,
-756,
-830,
-868,
-881,
-865,
-822,
-809,
-861,
-941,
-967,
-920,
-854,
-824,
-818,
-773,
-715,
-713,
-754,
-751,
-706,
-674,
-697,
-703,
-638,
-584,
-605,
-670,
-773,
-844,
-801,
-706,
-700,
-758,
-755,
-680,
-588,
-522,
-503,
-522,
-548,
-533,
-471,
-428,
-432,
-434,
-448,
-503,
-523,
-463,
-425,
-444,
-453,
-451,
-488,
-509,
-407,
-262,
-213,
-259,
-318,
-347,
-334,
-300,
-285,
-275,
-262,
-283,
-336,
-353,
-324,
-280,
-201,
-139,
-194,
-287,
-297,
-206,
-68,
11,
-18,
-86,
-112,
-91,
-55,
-35,
-59,
-90,
-61,
-31,
-53,
-71,
-39,
-15,
-19,
-8,
10,
13,
30,
79,
111,
104,
113,
132,
122,
82,
35,
-4,
-15,
47,
115,
115,
95,
106,
146,
171,
187,
200,
175,
143,
158,
199,
216,
209,
223,
266,
308,
323,
293,
269,
286,
302,
282,
268,
326,
392,
382,
332,
269,
206,
189,
266,
353,
327,
231,
169,
198,
271,
313,
306,
275,
279,
359,
435,
410,
320,
288,
344,
375,
307,
253,
314,
393,
388,
334,
294,
287,
320,
323,
252,
201,
223,
244,
225,
216,
230,
235,
240,
252,
238,
210,
210,
233,
263,
297,
333,
346,
335,
338,
339,
324,
315,
294,
279,
312,
341,
327,
339,
414,
436,
363,
307,
350,
413,
375,
284,
264,
324,
376,
385,
359,
305,
263,
243,
241,
262,
304,
320,
290,
243,
239,
275,
325,
346,
343,
375,
439,
435,
360,
328,
396,
454,
433,
357,
272,
234,
258,
302,
349,
372,
325,
244,
222,
270,
298,
282,
292,
325,
288,
197,
170,
233,
323,
381,
366,
259,
166,
201,
305,
366,
343,
280,
228,
203,
209,
198,
188,
221,
259,
234,
207,
216,
225,
228,
250,
257,
260,
278,
264,
243,
227,
172,
143,
191,
231,
165,
63,
19,
19,
18,
43,
76,
77,
67,
86,
125,
121,
77,
60,
90,
108,
66,
32,
64,
126,
155,
125,
61,
57,
94,
66,
-9,
-22,
52,
133,
179,
188,
156,
137,
153,
166,
153,
152,
148,
124,
101,
96,
73,
52,
74,
94,
89,
56,
48,
129,
260,
300,
198,
72,
59,
102,
130,
143,
146,
127,
159,
269,
297,
175,
65,
99,
166,
157,
97,
27,
21,
97,
181,
198,
183,
157,
122,
104,
114,
105,
85,
93,
109,
106,
81,
51,
28,
22,
13,
-49,
-140,
-160,
-95,
-37,
-53,
-93,
-80,
-38,
-25,
-18,
-10,
-44,
-104,
-88,
24,
98,
58,
-24,
-61,
-74,
-133,
-157,
-73,
3,
-49,
-165,
-183,
-123,
-96,
-94,
-59,
-30,
-77,
-138,
-114,
-63,
-57,
-91,
-123,
-156,
-231,
-295,
-266,
-211,
-205,
-223,
-219,
-196,
-179,
-150,
-111,
-90,
-76,
-28,
21,
-2,
-73,
-109,
-87,
-30,
23,
-3,
-89,
-140,
-148,
-172,
-220,
-230,
-196,
-185,
-216,
-261,
-278,
-246,
-201,
-164,
-150,
-144,
-121,
-62,
-34,
-86,
-153,
-143,
-90,
-73,
-105,
-138,
-152,
-157,
-144,
-119,
-120,
-166,
-192,
-170,
-123,
-76,
-54,
-100,
-153,
-131,
-77,
-77,
-162,
-234,
-228,
-189,
-172,
-165,
-167,
-186,
-192,
-191,
-205,
-227,
-227,
-226,
-219,
-178,
-117,
-99,
-119,
-100,
-77,
-111,
-158,
-182,
-196,
-191,
-181,
-219,
-319,
-368,
-303,
-212,
-233,
-362,
-417,
-368,
-297,
-250,
-245,
-283,
-280,
-201,
-136,
-183,
-230,
-193,
-134,
-107,
-110,
-148,
-214,
-248,
-235,
-231,
-248,
-258,
-233,
-203,
-225,
-326,
-388,
-324,
-188,
-138,
-203,
-311,
-359,
-307,
-210,
-168,
-209,
-273,
-300,
-280,
-296,
-383,
-410,
-335,
-319,
-424,
-525,
-527,
-466,
-408,
-382,
-386,
-432,
-477,
-428,
-325,
-299,
-357,
-368,
-310,
-282,
-338,
-420,
-437,
-382,
-337,
-330,
-355,
-426,
-500,
-488,
-415,
-426,
-517,
-534,
-433,
-362,
-372,
-390,
-370,
-360,
-375,
-381,
-392,
-423,
-449,
-453,
-431,
-437,
-474,
-479,
-472,
-497,
-517,
-484,
-475,
-492,
-470,
-444,
-469,
-459,
-405,
-370,
-373,
-399,
-428,
-430,
-398,
-395,
-450,
-497,
-484,
-443,
-431,
-453,
-463,
-446,
-425,
-438,
-497,
-529,
-480,
-398,
-373,
-397,
-439,
-469,
-457,
-409,
-348,
-331,
-375,
-410,
-387,
-368,
-372,
-327,
-269,
-265,
-265,
-262,
-303,
-331,
-261,
-193,
-181,
-178,
-158,
-144,
-139,
-146,
-156,
-153,
-138,
-128,
-136,
-151,
-176,
-183,
-107,
16,
59,
-5,
-64,
-47,
-47,
-46,
-19,
30,
90,
139,
174,
197,
178,
149,
189,
286,
319,
248,
184,
227,
311,
328,
287,
279,
304,
323,
346,
342,
302,
285,
355,
473,
538,
524,
513,
532,
557,
551,
525,
511,
546,
613,
637,
619,
590,
564,
554,
570,
625,
670,
664,
664,
667,
622,
577,
618,
691,
692,
655,
628,
623,
633,
666,
734,
787,
768,
746,
781,
845,
862,
830,
799,
806,
822,
800,
790,
854,
947,
956,
872,
834,
870,
876,
846,
881,
930,
906,
864,
895,
933,
944,
981,
1018,
974,
912,
928,
982,
1008,
1031,
1052,
1030,
976,
943,
951,
1000,
1076,
1124,
1106,
1057,
1039,
1061,
1099,
1132,
1115,
1067,
1042,
1062,
1074,
1075,
1066,
1020,
946,
886,
877,
914,
957,
961,
929,
911,
913,
920,
951,
987,
1005,
1001,
1016,
1042,
1026,
975,
951,
961,
975,
991,
996,
923,
843,
822,
827,
804,
769,
742,
724,
706,
700,
729,
756,
756,
746,
748,
751,
743,
711,
671,
652,
670,
712,
706,
630,
573,
580,
582,
551,
534,
500,
452,
451,
500,
530,
513,
482,
465,
461,
464,
441,
387,
332,
294,
280,
299,
336,
350,
327,
328,
294,
182,
103,
139,
178,
157,
164,
239,
274,
226,
164,
144,
148,
106,
72,
105,
127,
96,
90,
129,
133,
70,
4,
-38,
-56,
-47,
-30,
-35,
-64,
-76,
-42,
-2,
-8,
-60,
-97,
-101,
-114,
-148,
-147,
-100,
-108,
-188,
-266,
-287,
-265,
-248,
-280,
-334,
-365,
-388,
-411,
-404,
-399,
-421,
-431,
-400,
-371,
-399,
-469,
-519,
-502,
-431,
-353,
-311,
-366,
-482,
-542,
-523,
-515,
-575,
-627,
-611,
-563,
-553,
-593,
-633,
-650,
-627,
-544,
-489,
-531,
-611,
-655,
-620,
-573,
-588,
-639,
-680,
-683,
-679,
-706,
-756,
-789,
-798,
-787,
-741,
-709,
-733,
-740,
-702,
-699,
-744,
-791,
-809,
-774,
-707,
-698,
-767,
-848,
-848,
-790,
-765,
-780,
-793,
-800,
-804,
-773,
-729,
-724,
-739,
-717,
-694,
-733,
-806,
-830,
-806,
-772,
-766,
-802,
-874,
-901,
-858,
-825,
-859,
-887,
-869,
-847,
-818,
-774,
-744,
-729,
-705,
-688,
-702,
-712,
-709,
-701,
-695,
-703,
-718,
-730,
-716,
-632,
-531,
-547,
-642,
-701,
-679,
-609,
-536,
-516,
-569,
-627,
-629,
-599,
-560,
-545,
-559,
-561,
-566,
-590,
-626,
-634,
-594,
-553,
-555,
-584,
-636,
-658,
-596,
-486,
-407,
-412,
-465,
-484,
-460,
-440,
-432,
-404,
-383,
-408,
-409,
-355,
-351,
-382,
-339,
-262,
-294,
-402,
-425,
-387,
-370,
-337,
-259,
-183,
-151,
-155,
-164,
-158,
-135,
-151,
-209,
-232,
-215,
-195,
-141,
-94,
-100,
-147,
-174,
-163,
-147,
-138,
-133,
-123,
-92,
-57,
-24,
9,
20,
7,
-12,
-27,
-55,
-70,
-26,
23,
37,
41,
38,
22,
13,
20,
17,
-11,
7,
87,
113,
42,
8,
30,
-2,
-49,
3,
65,
33,
-26,
2,
76,
125,
171,
211,
197,
127,
70,
79,
124,
128,
92,
70,
86,
77,
30,
54,
138,
140,
78,
90,
146,
137,
105,
113,
141,
128,
106,
117,
101,
27,
-12,
70,
162,
141,
71,
56,
70,
57,
67,
134,
152,
68,
-7,
7,
98,
175,
181,
144,
119,
74,
19,
54,
164,
225,
204,
193,
214,
196,
162,
213,
294,
290,
202,
133,
122,
139,
166,
199,
187,
136,
102,
96,
74,
38,
26,
74,
140,
150,
91,
38,
39,
55,
79,
90,
45,
-15,
-21,
14,
45,
55,
56,
40,
27,
37,
24,
-13,
-10,
47,
64,
-22,
-99,
-79,
-44,
-50,
-38,
-24,
-47,
-74,
-41,
1,
-12,
-62,
-117,
-130,
-85,
-45,
-48,
-59,
-44,
-42,
-58,
-67,
-94,
-148,
-168,
-143,
-110,
-107,
-115,
-115,
-101,
-114,
-141,
-161,
-168,
-174,
-160,
-130,
-114,
-118,
-91,
-69,
-129,
-215,
-204,
-139,
-140,
-196,
-251,
-259,
-186,
-77,
-24,
-46,
-93,
-156,
-188,
-173,
-147,
-129,
-110,
-98,
-83,
-74,
-75,
-56,
-41,
-63,
-68,
-28,
-39,
-84,
-65,
-6,
-2,
-27,
5,
38,
9,
-43,
-32,
-9,
-35,
-58,
-7,
29,
-6,
-66,
-77,
-50,
-34,
0,
47,
66,
37,
17,
32,
49,
59,
110,
204,
245,
201,
169,
199,
248,
281,
311,
320,
258,
163,
122,
144,
187,
233,
292,
330,
286,
207,
215,
278,
290,
270,
313,
352,
321,
303,
350,
391,
365,
338,
354,
356,
310,
263,
266,
345,
408,
391,
368,
398,
420,
409,
405,
397,
366,
374,
443,
495,
470,
399,
362,
388,
412,
400,
355,
310,
293,
327,
396,
449,
466,
448,
442,
465,
454,
410,
384,
411,
468,
502,
511,
508,
482,
457,
481,
478,
409,
353,
352,
368,
394,
433,
455,
456,
474,
495,
481,
483,
524,
557,
550,
558,
585,
575,
541,
520,
507,
496,
499,
496,
459,
439,
463,
492,
531,
565,
546,
494,
487,
526,
571,
615,
651,
649,
611,
573,
563,
597,
629,
635,
645,
672,
670,
665,
684,
681,
631,
573,
552,
549,
579,
643,
683,
665,
625,
632,
649,
646,
634,
597,
562,
584,
648,
692,
711,
747,
762,
710,
633,
615,
632,
632,
609,
573,
535,
555,
620,
623,
573,
544,
524,
481,
454,
451,
439,
430,
460,
485,
453,
370,
309,
325,
382,
403,
373,
352,
370,
408,
424,
414,
407,
409,
412,
395,
342,
285,
245,
247,
279,
267,
213,
178,
203,
265,
326,
352,
317,
241,
191,
203,
258,
269,
231,
230,
237,
213,
183,
141,
80,
62,
105,
148,
155,
137,
107,
88,
98,
98,
55,
3,
-2,
17,
3,
-19,
-31,
-30,
0,
25,
-26,
-100,
-97,
-52,
-57,
-101,
-135,
-138,
-120,
-103,
-136,
-192,
-199,
-175,
-161,
-167,
-195,
-198,
-188,
-188,
-189,
-186,
-190,
-169,
-134,
-141,
-196,
-265,
-299,
-291,
-266,
-259,
-266,
-310,
-361,
-357,
-316,
-298,
-289,
-291,
-338,
-363,
-352,
-353,
-362,
-351,
-315,
-304,
-348,
-388,
-404,
-418,
-392,
-319,
-293,
-339,
-361,
-342,
-346,
-369,
-393,
-414,
-449,
-468,
-461,
-456,
-480,
-487,
-463,
-454,
-489,
-545,
-553,
-495,
-460,
-462,
-449,
-451,
-479,
-506,
-525,
-521,
-523,
-560,
-608,
-599,
-533,
-516,
-588,
-643,
-629,
-620,
-636,
-608,
-572,
-609,
-662,
-653,
-665,
-701,
-670,
-584,
-538,
-569,
-624,
-624,
-593,
-585,
-591,
-597,
-637,
-660,
-632,
-595,
-592,
-630,
-677,
-698,
-678,
-654,
-653,
-647,
-652,
-701,
-747,
-717,
-620,
-583,
-614,
-607,
-558,
-536,
-538,
-558,
-582,
-596,
-609,
-634,
-661,
-674,
-698,
-698,
-649,
-626,
-649,
-639,
-592,
-587,
-608,
-581,
-520,
-507,
-552,
-579,
-566,
-552,
-549,
-535,
-523,
-529,
-528,
-511,
-505,
-539,
-613,
-647,
-624,
-615,
-599,
-527,
-461,
-465,
-481,
-459,
-441,
-464,
-480,
-458,
-444,
-466,
-494,
-468,
-401,
-342,
-334,
-349,
-364,
-396,
-401,
-353,
-309,
-322,
-339,
-298,
-248,
-238,
-250,
-295,
-329,
-320,
-281,
-280,
-320,
-360,
-344,
-241,
-141,
-175,
-246,
-248,
-246,
-249,
-216,
-142,
-49,
-18,
-84,
-141,
-105,
-61,
-54,
-22,
-11,
-67,
-141,
-155,
-101,
-80,
-154,
-214,
-197,
-177,
-186,
-166,
-113,
-86,
-90,
-95,
-110,
-148,
-180,
-141,
-56,
-34,
-83,
-115,
-110,
-120,
-135,
-120,
-98,
-99,
-117,
-121,
-122,
-158,
-203,
-154,
-42,
1,
-64,
-110,
-83,
-44,
-40,
-48,
-29,
14,
1,
-63,
-97,
-98,
-90,
-125,
-260,
-342,
-213,
-87,
-172,
-259,
-159,
-26,
-41,
-211,
-321,
-211,
-83,
-113,
-164,
-142,
-125,
-133,
-103,
-63,
-94,
-143,
-157,
-139,
-104,
-97,
-143,
-127,
-16,
-28,
-174,
-155,
-33,
-54,
-86,
-18,
-26,
-107,
-84,
-2,
-50,
-161,
-145,
-68,
-83,
-171,
-231,
-177,
-42,
36,
1,
-77,
-90,
-68,
-89,
-106,
-54,
15,
51,
52,
-14,
-93,
-43,
63,
44,
-75,
-128,
-84,
-63,
-91,
-78,
-31,
-37,
-66,
-49,
-45,
-50,
-18,
21,
32,
38,
37,
-17,
-62,
46,
228,
247,
114,
1,
0,
100,
221,
212,
81,
-5,
44,
125,
167,
194,
208,
186,
163,
145,
111,
87,
131,
194,
190,
144,
111,
138,
226,
276,
240,
169,
148,
176,
208,
216,
169,
112,
152,
291,
364,
325,
300,
303,
285,
289,
341,
361,
352,
388,
435,
409,
357,
362,
398,
414,
412,
413,
398,
342,
303,
330,
379,
372,
339,
348,
388,
375,
329,
347,
404,
403,
375,
389,
422,
435,
430,
417,
400,
427,
490,
527,
521,
517,
514,
533,
594,
643,
595,
520,
535,
598,
603,
582,
597,
608,
566,
546,
579,
605,
588,
591,
639,
678,
628,
579,
656,
778,
761,
659,
645,
714,
749,
726,
702,
701,
696,
717,
774,
786,
700,
619,
643,
720,
716,
619,
572,
635,
678,
649,
623,
644,
670,
699,
736,
737,
685,
636,
679,
795,
821,
707,
610,
657,
737,
717,
634,
576,
594,
692,
765,
698,
545,
498,
650,
851,
861,
702,
577,
605,
735,
863,
862,
718,
617,
675,
793,
809,
721,
660,
688,
719,
703,
693,
707,
714,
726,
737,
688,
606,
605,
709,
792,
739,
620,
577,
628,
687,
689,
629,
594,
633,
631,
593,
580,
573,
556,
560,
583,
582,
577,
598,
600,
584,
573,
598,
644,
643,
592,
560,
561,
560,
550,
552,
542,
514,
493,
501,
534,
537,
467,
389,
390,
446,
475,
476,
452,
419,
410,
434,
446,
410,
352,
333,
354,
384,
414,
415,
360,
284,
254,
283,
324,
316,
254,
225,
283,
336,
325,
286,
238,
185,
149,
122,
110,
148,
199,
182,
101,
49,
76,
129,
137,
129,
94,
3,
-42,
41,
144,
157,
115,
64,
-24,
-81,
-25,
56,
14,
-91,
-110,
-65,
-65,
-84,
-59,
-49,
-88,
-136,
-157,
-177,
-189,
-157,
-119,
-155,
-235,
-287,
-274,
-259,
-274,
-286,
-300,
-354,
-393,
-344,
-275,
-294,
-370,
-389,
-323,
-274,
-323,
-431,
-522,
-557,
-537,
-512,
-548,
-624,
-658,
-642,
-627,
-620,
-610,
-593,
-606,
-675,
-715,
-695,
-677,
-686,
-667,
-607,
-602,
-705,
-806,
-806,
-785,
-821,
-854,
-847,
-851,
-865,
-854,
-839,
-853,
-848,
-804,
-821,
-903,
-938,
-914,
-899,
-916,
-943,
-954,
-964,
-968,
-972,
-1013,
-1052,
-1050,
-1038,
-1044,
-1029,
-1012,
-1052,
-1089,
-1040,
-973,
-995,
-1069,
-1124,
-1157,
-1201,
-1203,
-1158,
-1161,
-1186,
-1167,
-1147,
-1185,
-1202,
-1143,
-1083,
-1074,
-1108,
-1168,
-1192,
-1142,
-1056,
-1022,
-1073,
-1154,
-1186,
-1171,
-1145,
-1115,
-1075,
-1094,
-1157,
-1133,
-1036,
-1028,
-1134,
-1212,
-1195,
-1173,
-1176,
-1179,
-1174,
-1163,
-1148,
-1134,
-1099,
-1062,
-1036,
-1024,
-1032,
-1065,
-1115,
-1109,
-1022,
-963,
-966,
-963,
-952,
-995,
-1018,
-942,
-891,
-926,
-940,
-893,
-818,
-763,
-779,
-824,
-812,
-758,
-755,
-811,
-867,
-877,
-846,
-802,
-767,
-745,
-760,
-805,
-820,
-774,
-714,
-697,
-690,
-642,
-591,
-555,
-504,
-450,
-454,
-497,
-533,
-565,
-587,
-554,
-499,
-470,
-499,
-573,
-599,
-503,
-350,
-276,
-303,
-354,
-408,
-451,
-434,
-341,
-248,
-233,
-267,
-277,
-269,
-293,
-335,
-316,
-234,
-163,
-174,
-227,
-236,
-208,
-186,
-160,
-139,
-143,
-159,
-188,
-211,
-204,
-160,
-120,
-75,
-38,
-37,
-62,
-64,
-36,
1,
52,
68,
12,
-46,
-23,
49,
91,
80,
8,
-58,
-37,
21,
43,
73,
115,
143,
151,
145,
154,
166,
143,
112,
127,
151,
121,
69,
69,
135,
193,
179,
172,
212,
189,
149,
191,
280,
309,
290,
289,
286,
281,
276,
268,
258,
196,
165,
242,
269,
209,
220,
310,
328,
290,
296,
364,
448,
486,
448,
390,
335,
354,
431,
405,
329,
304,
267,
206,
213,
276,
313,
272,
222,
249,
272,
252,
317,
420,
379,
293,
298,
300,
295,
368,
444,
430,
387,
395,
406,
349,
286,
314,
392,
459,
460,
412,
393,
429,
453,
432,
389,
363,
374,
402,
411,
421,
444,
449,
418,
387,
363,
335,
337,
379,
397,
346,
295,
284,
306,
363,
399,
363,
301,
272,
286,
333,
372,
382,
344,
306,
336,
391,
386,
363,
376,
357,
300,
294,
302,
253,
223,
253,
287,
288,
279,
290,
279,
233,
228,
267,
252,
193,
202,
273,
294,
273,
285,
313,
283,
178,
127,
199,
283,
294,
261,
239,
215,
201,
265,
358,
348,
247,
212,
265,
306,
292,
274,
255,
237,
204,
168,
141,
119,
106,
126,
181,
205,
153,
107,
159,
197,
149,
116,
148,
184,
211,
256,
305,
292,
259,
272,
338,
377,
352,
328,
326,
310,
314,
335,
321,
275,
261,
309,
380,
390,
315,
266,
297,
338,
357,
356,
342,
332,
361,
433,
452,
393,
337,
334,
347,
358,
368,
374,
405,
478,
514,
465,
430,
446,
470,
489,
468,
435,
465,
542,
575,
554,
529,
506,
491,
526,
568,
580,
564,
553,
560,
568,
566,
580,
588,
569,
535,
503,
497,
514,
516,
469,
422,
428,
452,
474,
507,
511,
517,
547,
549,
533,
561,
586,
575,
576,
603,
582,
521,
496,
563,
642,
629,
541,
486,
504,
520,
481,
450,
494,
542,
521,
522,
569,
579,
562,
529,
467,
437,
453,
451,
430,
440,
478,
525,
585,
612,
547,
446,
419,
486,
553,
551,
510,
520,
564,
572,
539,
540,
565,
544,
489,
477,
499,
499,
461,
444,
455,
464,
481,
548,
600,
554,
508,
526,
547,
545,
555,
561,
541,
533,
555,
564,
539,
478,
442,
449,
437,
400,
386,
407,
406,
366,
344,
358,
364,
368,
395,
434,
451,
469,
479,
438,
366,
303,
280,
285,
280,
293,
351,
412,
417,
340,
247,
198,
200,
197,
167,
204,
260,
259,
245,
218,
146,
79,
54,
36,
10,
-26,
-77,
-98,
-80,
-81,
-126,
-162,
-158,
-123,
-64,
-24,
-20,
-23,
-21,
-56,
-84,
-46,
-13,
-85,
-154,
-151,
-164,
-196,
-178,
-145,
-216,
-330,
-340,
-270,
-260,
-297,
-279,
-253,
-293,
-343,
-316,
-281,
-291,
-283,
-233,
-226,
-263,
-277,
-276,
-299,
-329,
-326,
-291,
-270,
-303,
-358,
-337,
-287,
-279,
-281,
-285,
-322,
-359,
-334,
-288,
-287,
-305,
-303,
-267,
-281,
-366,
-400,
-346,
-321,
-338,
-317,
-279,
-279,
-264,
-231,
-246,
-319,
-357,
-326,
-314,
-360,
-386,
-375,
-383,
-404,
-419,
-463,
-486,
-457,
-423,
-409,
-452,
-531,
-534,
-436,
-369,
-369,
-355,
-353,
-414,
-469,
-469,
-431,
-392,
-364,
-368,
-433,
-503,
-525,
-492,
-422,
-392,
-442,
-493,
-480,
-490,
-514,
-461,
-401,
-447,
-547,
-578,
-538,
-493,
-457,
-433,
-436,
-476,
-528,
-528,
-487,
-476,
-473,
-425,
-391,
-417,
-483,
-512,
-512,
-482,
-447,
-441,
-459,
-490,
-518,
-515,
-516,
-498,
-423,
-358,
-381,
-464,
-513,
-470,
-372,
-308,
-325,
-392,
-429,
-435,
-417,
-374,
-345,
-380,
-423,
-430,
-449,
-485,
-439,
-332,
-287,
-327,
-396,
-417,
-404,
-404,
-401,
-346,
-279,
-306,
-346,
-305,
-275,
-326,
-357,
-314,
-270,
-283,
-285,
-241,
-215,
-240,
-267,
-236,
-203,
-250,
-313,
-334,
-323,
-312,
-305,
-257,
-231,
-275,
-338,
-342,
-304,
-301,
-347,
-376,
-394,
-406,
-427,
-437,
-377,
-275,
-254,
-335,
-368,
-283,
-190,
-172,
-223,
-284,
-314,
-322,
-316,
-284,
-245,
-262,
-346,
-412,
-419,
-428,
-461,
-492,
-490,
-482,
-475,
-437,
-406,
-428,
-459,
-429,
-365,
-369,
-425,
-430,
-369,
-327,
-349,
-412,
-457,
-485,
-528,
-548,
-496,
-424,
-436,
-472,
-442,
-417,
-450,
-473,
-482,
-470,
-373,
-287,
-314,
-372,
-390,
-395,
-390,
-375,
-397,
-427,
-398,
-375,
-404,
-394,
-348,
-335,
-348,
-378,
-459,
-531,
-487,
-370,
-282,
-228,
-236,
-333,
-441,
-463,
-423,
-396,
-390,
-407,
-463,
-476,
-433,
-431,
-445,
-388,
-319,
-351,
-410,
-403,
-355,
-355,
-384,
-381,
-370,
-373,
-385,
-383,
-341,
-330,
-376,
-371,
-303,
-302,
-340,
-263,
-164,
-203,
-286,
-266,
-204,
-206,
-219,
-179,
-174,
-239,
-277,
-265,
-233,
-241,
-297,
-317,
-257,
-209,
-254,
-297,
-244,
-214,
-266,
-263,
-166,
-127,
-169,
-153,
-92,
-85,
-99,
-63,
-10,
-35,
-108,
-97,
-27,
-36,
-114,
-134,
-92,
-80,
-82,
-40,
6,
-28,
-90,
-58,
44,
118,
96,
16,
-15,
10,
48,
113,
190,
169,
55,
-9,
9,
40,
79,
119,
124,
78,
33,
31,
77,
144,
218,
283,
262,
185,
187,
233,
203,
132,
102,
86,
51,
58,
96,
114,
120,
150,
200,
202,
164,
158,
231,
327,
348,
300,
301,
339,
324,
290,
277,
255,
240,
273,
291,
267,
239,
212,
210,
271,
344,
343,
287,
260,
298,
344,
348,
325,
321,
321,
318,
328,
365,
424,
460,
435,
401,
415,
424,
393,
405,
461,
464,
413,
406,
439,
421,
377,
368,
383,
391,
390,
380,
378,
412,
446,
499,
580,
572,
454,
394,
439,
479,
490,
496,
476,
432,
429,
477,
507,
473,
426,
422,
437,
454,
474,
499,
532,
545,
532,
522,
533,
527,
501,
479,
449,
421,
446,
505,
536,
513,
471,
468,
488,
516,
544,
537,
537,
584,
626,
604,
575,
599,
628,
605,
554,
530,
551,
546,
508,
510,
551,
554,
538,
595,
681,
676,
581,
532,
577,
610,
575,
536,
554,
571,
544,
528,
553,
541,
500,
502,
556,
584,
568,
561,
546,
522,
532,
590,
654,
653,
574,
494,
483,
518,
548,
585,
615,
591,
516,
464,
463,
507,
583,
631,
585,
479,
434,
496,
559,
537,
485,
481,
508,
485,
435,
436,
480,
512,
531,
562,
559,
491,
461,
529,
577,
535,
477,
467,
487,
504,
515,
499,
458,
412,
375,
363,
315,
237,
258,
356,
385,
325,
301,
346,
355,
318,
331,
387,
395,
365,
362,
366,
355,
372,
381,
350,
304,
275,
300,
325,
277,
211,
194,
187,
141,
146,
216,
238,
213,
220,
250,
234,
180,
146,
137,
144,
182,
215,
211,
178,
126,
77,
50,
37,
21,
-4,
-19,
10,
49,
59,
34,
-7,
-25,
5,
81,
111,
73,
57,
87,
103,
51,
-25,
-46,
-24,
-7,
-20,
-50,
-39,
14,
59,
53,
22,
9,
20,
69,
124,
79,
-40,
-81,
-18,
29,
12,
-42,
-89,
-118,
-134,
-111,
-74,
-56,
-12,
65,
71,
-16,
-62,
13,
109,
126,
73,
48,
77,
84,
74,
89,
115,
119,
53,
-32,
-54,
-30,
-13,
29,
58,
51,
23,
11,
-2,
-26,
-38,
-5,
36,
9,
-70,
-73,
17,
99,
100,
51,
-11,
-71,
-94,
-48,
40,
79,
40,
7,
31,
84,
81,
19,
-34,
-40,
-26,
-27,
-57,
-65,
2,
67,
51,
-2,
-65,
-128,
-146,
-104,
-81,
-95,
-69,
-12,
-5,
-59,
-102,
-88,
-57,
-30,
-9,
-10,
-21,
-25,
-50,
-70,
-87,
-122,
-142,
-134,
-134,
-161,
-144,
-84,
-41,
-55,
-120,
-182,
-182,
-159,
-160,
-151,
-123,
-114,
-123,
-151,
-211,
-275,
-273,
-228,
-206,
-223,
-215,
-144,
-105,
-147,
-204,
-213,
-188,
-172,
-164,
-165,
-179,
-211,
-242,
-268,
-279,
-272,
-292,
-313,
-285,
-269,
-311,
-308,
-256,
-254,
-247,
-186,
-178,
-245,
-264,
-217,
-195,
-203,
-215,
-253,
-313,
-311,
-259,
-244,
-259,
-238,
-193,
-176,
-197,
-224,
-229,
-207,
-175,
-153,
-140,
-146,
-177,
-207,
-187,
-164,
-210,
-260,
-202,
-113,
-131,
-207,
-208,
-176,
-213,
-246,
-219,
-204,
-223,
-212,
-207,
-257,
-329,
-351,
-289,
-196,
-172,
-246,
-305,
-275,
-239,
-226,
-201,
-188,
-260,
-342,
-317,
-234,
-217,
-252,
-285,
-309,
-331,
-329,
-295,
-248,
-221,
-213,
-230,
-274,
-302,
-304,
-300,
-310,
-330,
-342,
-344,
-330,
-293,
-266,
-280,
-337,
-392,
-424,
-410,
-341,
-263,
-254,
-299,
-310,
-268,
-289,
-342,
-323,
-274,
-274,
-304,
-316,
-330,
-352,
-364,
-367,
-332,
-283,
-310,
-373,
-359,
-304,
-319,
-355,
-336,
-349,
-390,
-353,
-277,
-294,
-369,
-390,
-356,
-351,
-397,
-442,
-429,
-410,
-433,
-427,
-374,
-356,
-391,
-424,
-426,
-440,
-475,
-514,
-510,
-474,
-485,
-521,
-509,
-472,
-479,
-482,
-413,
-354,
-392,
-461,
-461,
-464,
-517,
-508,
-428,
-419,
-498,
-543,
-490,
-410,
-411,
-442,
-424,
-423,
-492,
-548,
-546,
-524,
-504,
-474,
-444,
-449,
-511,
-548,
-513,
-481,
-531,
-606,
-630,
-620,
-595,
-549,
-515,
-507,
-509,
-491,
-468,
-480,
-520,
-564,
-583,
-546,
-489,
-467,
-484,
-522,
-577,
-607,
-564,
-505,
-484,
-498,
-525,
-533,
-521,
-511,
-488,
-473,
-506,
-551,
-513,
-442,
-429,
-428,
-398,
-422,
-453,
-405,
-384,
-461,
-508,
-460,
-413,
-396,
-372,
-383,
-414,
-401,
-362,
-365,
-395,
-399,
-364,
-319,
-294,
-302,
-328,
-336,
-311,
-255,
-196,
-201,
-244,
-245,
-229,
-265,
-319,
-317,
-273,
-224,
-206,
-243,
-297,
-306,
-283,
-249,
-212,
-193,
-208,
-235,
-240,
-207,
-157,
-110,
-82,
-89,
-142,
-186,
-166,
-129,
-106,
-88,
-68,
-43,
-30,
-39,
-45,
-35,
-55,
-108,
-96,
-6,
23,
-55,
-137,
-128,
-78,
-37,
26,
74,
37,
-42,
-76,
-67,
-57,
-38,
-15,
1,
4,
25,
94,
141,
111,
72,
103,
144,
139,
102,
79,
72,
74,
71,
80,
122,
163,
142,
102,
119,
159,
180,
198,
182,
107,
49,
93,
161,
176,
170,
163,
163,
186,
204,
196,
192,
181,
176,
252,
366,
387,
339,
318,
281,
209,
217,
287,
304,
285,
295,
278,
229,
226,
264,
282,
287,
297,
302,
312,
338,
368,
397,
417,
423,
411,
397,
408,
456,
515,
526,
499,
492,
507,
486,
429,
408,
442,
451,
453,
508,
570,
559,
509,
499,
521,
509,
488,
506,
543,
556,
528,
499,
501,
519,
520,
541,
592,
596,
513,
467,
505,
543,
533,
541,
608,
633,
568,
524,
574,
629,
611,
580,
589,
597,
572,
534,
513,
490,
454,
469,
533,
541,
483,
460,
503,
552,
561,
580,
628,
645,
629,
650,
698,
696,
666,
707,
764,
733,
619,
570,
651,
755,
766,
718,
713,
725,
685,
643,
646,
642,
617,
656,
732,
729,
674,
671,
703,
682,
620,
606,
648,
685,
694,
717,
766,
821,
857,
848,
809,
774,
746,
712,
690,
700,
717,
695,
658,
658,
693,
706,
694,
688,
731,
796,
796,
743,
737,
765,
757,
721,
708,
693,
653,
614,
615,
647,
673,
678,
694,
726,
727,
720,
733,
742,
710,
690,
733,
747,
652,
554,
567,
625,
606,
527,
490,
497,
499,
515,
564,
596,
581,
560,
589,
607,
600,
616,
620,
566,
492,
486,
521,
515,
474,
473,
513,
504,
444,
431,
500,
547,
545,
529,
511,
468,
424,
405,
419,
458,
470,
403,
310,
281,
338,
449,
512,
447,
326,
276,
313,
343,
340,
365,
401,
397,
358,
302,
244,
215,
242,
266,
253,
230,
196,
174,
214,
284,
325,
332,
291,
217,
166,
169,
183,
201,
243,
258,
230,
161,
68,
18,
17,
31,
49,
95,
133,
123,
93,
85,
88,
72,
35,
-6,
-52,
-64,
-28,
-8,
-53,
-95,
-101,
-115,
-127,
-102,
-92,
-110,
-121,
-79,
-44,
-86,
-134,
-129,
-93,
-91,
-117,
-155,
-197,
-203,
-148,
-109,
-159,
-263,
-318,
-306,
-273,
-274,
-308,
-308,
-250,
-245,
-318,
-352,
-322,
-325,
-347,
-332,
-320,
-382,
-453,
-460,
-454,
-458,
-435,
-389,
-387,
-473,
-561,
-549,
-463,
-431,
-445,
-405,
-361,
-398,
-454,
-487,
-540,
-613,
-623,
-525,
-445,
-471,
-549,
-578,
-551,
-521,
-536,
-572,
-579,
-567,
-580,
-598,
-561,
-523,
-542,
-560,
-526,
-539,
-640,
-692,
-656,
-644,
-668,
-647,
-617,
-643,
-725,
-781,
-724,
-631,
-635,
-678,
-657,
-636,
-692,
-733,
-699,
-654,
-659,
-672,
-664,
-689,
-747,
-786,
-789,
-760,
-742,
-792,
-852,
-821,
-780,
-795,
-801,
-809,
-889,
-947,
-889,
-803,
-799,
-816,
-811,
-833,
-884,
-879,
-781,
-708,
-769,
-886,
-914,
-847,
-809,
-848,
-897,
-910,
-895,
-867,
-881,
-935,
-946,
-879,
-790,
-734,
-757,
-857,
-922,
-886,
-858,
-887,
-878,
-807,
-772,
-829,
-899,
-913,
-889,
-845,
-812,
-782,
-769,
-797,
-823,
-777,
-688,
-670,
-699,
-720,
-753,
-811,
-803,
-692,
-572,
-576,
-656,
-707,
-694,
-656,
-641,
-646,
-646,
-645,
-630,
-565,
-511,
-527,
-574,
-581,
-570,
-576,
-582,
-554,
-500,
-453,
-446,
-443,
-439,
-444,
-455,
-474,
-476,
-427,
-355,
-332,
-367,
-396,
-409,
-388,
-334,
-290,
-294,
-346,
-415,
-462,
-440,
-356,
-285,
-250,
-232,
-259,
-322,
-334,
-290,
-255,
-233,
-232,
-268,
-297,
-246,
-173,
-158,
-149,
-123,
-125,
-145,
-172,
-171,
-136,
-104,
-122,
-170,
-145,
-81,
-65,
-64,
-59,
-64,
-73,
-67,
-40,
-48,
-81,
-107,
-118,
-102,
-65,
-3,
51,
61,
36,
-13,
-31,
-4,
23,
55,
113,
138,
129,
154,
165,
108,
47,
43,
55,
32,
-9,
-32,
-4,
62,
100,
89,
34,
-40,
-81,
-50,
17,
49,
46,
46,
65,
75,
79,
82,
47,
7,
3,
-1,
-7,
9,
-5,
-45,
-23,
40,
59,
44,
22,
-2,
7,
44,
68,
131,
200,
161,
40,
-7,
65,
130,
130,
135,
150,
149,
143,
150,
147,
146,
174,
197,
201,
179,
113,
73,
117,
205,
252,
238,
180,
148,
194,
259,
280,
313,
372,
366,
290,
270,
345,
417,
452,
461,
405,
317,
315,
416,
489,
451,
375,
357,
390,
402,
398,
410,
404,
387,
418,
462,
445,
410,
419,
414,
368,
363,
428,
477,
496,
520,
523,
474,
459,
525,
602,
607,
589,
585,
608,
671,
722,
662,
568,
574,
613,
588,
554,
551,
531,
508,
513,
550,
586,
621,
640,
615,
580,
587,
644,
719,
736,
688,
649,
666,
697,
740,
795,
784,
698,
672,
746,
806,
820,
834,
815,
774,
775,
799,
781,
779,
817,
813,
772,
736,
704,
691,
712,
756,
790,
794,
781,
786,
827,
840,
803,
786,
818,
844,
844,
843,
853,
874,
901,
875,
829,
847,
903,
902,
880,
884,
878,
858,
861,
860,
872,
897,
889,
854,
840,
844,
843,
869,
892,
837,
757,
726,
755,
804,
839,
829,
769,
719,
720,
734,
729,
707,
669,
626,
639,
692,
683,
633,
641,
658,
626,
607,
623,
607,
557,
557,
608,
634,
636,
624,
552,
447,
412,
461,
525,
554,
523,
444,
404,
399,
393,
397,
399,
393,
376,
365,
374,
355,
305,
302,
347,
346,
279,
237,
261,
317,
339,
290,
231,
205,
181,
142,
135,
142,
137,
125,
126,
123,
74,
36,
74,
105,
56,
-14,
-67,
-115,
-120,
-62,
-44,
-55,
-76,
-128,
-188,
-223,
-234,
-253,
-238,
-190,
-178,
-203,
-197,
-175,
-186,
-210,
-252,
-322,
-360,
-332,
-285,
-241,
-208,
-238,
-306,
-344,
-391,
-474,
-471,
-375,
-331,
-378,
-412,
-423,
-422,
-367,
-335,
-415,
-496,
-492,
-475,
-463,
-425,
-431,
-514,
-557,
-505,
-445,
-476,
-550,
-578,
-546,
-506,
-512,
-522,
-490,
-488,
-540,
-575,
-576,
-611,
-641,
-584,
-514,
-523,
-582,
-603,
-547,
-481,
-491,
-566,
-629,
-641,
-624,
-586,
-555,
-576,
-617,
-623,
-583,
-580,
-622,
-651,
-652,
-643,
-630,
-596,
-540,
-510,
-553,
-621,
-623,
-600,
-610,
-624,
-607,
-588,
-574,
-536,
-499,
-508,
-557,
-589,
-598,
-578,
-563,
-573,
-566,
-503,
-453,
-463,
-486,
-516,
-566,
-598,
-565,
-499,
-472,
-486,
-529,
-594,
-630,
-616,
-581,
-557,
-541,
-537,
-562,
-599,
-634,
-618,
-532,
-464,
-488,
-565,
-623,
-609,
-532,
-458,
-441,
-459,
-487,
-515,
-510,
-441,
-350,
-317,
-338,
-395,
-454,
-450,
-399,
-355,
-339,
-359,
-410,
-438,
-396,
-347,
-355,
-404,
-445,
-420,
-369,
-386,
-419,
-396,
-423,
-502,
-491,
-376,
-348,
-406,
-427,
-407,
-409,
-358,
-259,
-219,
-271,
-330,
-335,
-272,
-206,
-194,
-190,
-174,
-222,
-299,
-292,
-226,
-216,
-247,
-227,
-166,
-169,
-241,
-287,
-272,
-249,
-230,
-196,
-146,
-107,
-96,
-83,
-58,
-74,
-137,
-164,
-124,
-107,
-143,
-172,
-127,
-46,
-12,
-56,
-119,
-131,
-94,
-58,
-46,
-46,
-28,
-15,
-39,
-82,
-121,
-88,
9,
93,
95,
15,
-72,
-83,
-8,
69,
58,
4,
-35,
-33,
8,
38,
21,
8,
45,
74,
61,
51,
73,
113,
125,
105,
66,
24,
-1,
2,
16,
51,
118,
157,
105,
33,
9,
28,
71,
125,
150,
145,
154,
161,
146,
141,
124,
76,
45,
79,
122,
93,
69,
110,
136,
114,
98,
92,
72,
72,
133,
197,
203,
168,
172,
241,
264,
188,
121,
133,
119,
53,
28,
70,
108,
78,
35,
43,
86,
141,
182,
159,
87,
66,
125,
208,
259,
253,
215,
221,
265,
274,
238,
190,
151,
130,
146,
186,
204,
204,
214,
229,
233,
225,
207,
213,
236,
239,
255,
294,
294,
254,
268,
322,
342,
331,
325,
296,
225,
175,
195,
253,
295,
299,
275,
251,
283,
350,
372,
330,
278,
267,
280,
303,
343,
370,
338,
290,
294,
306,
263,
222,
241,
286,
288,
286,
332,
387,
415,
418,
394,
339,
301,
354,
445,
481,
438,
358,
291,
281,
318,
325,
272,
246,
292,
319,
295,
299,
344,
362,
345,
324,
290,
234,
203,
244,
336,
392,
359,
296,
261,
225,
185,
161,
179,
236,
275,
266,
225,
175,
152,
188,
248,
237,
171,
118,
94,
117,
174,
205,
200,
180,
142,
113,
125,
127,
61,
16,
64,
115,
113,
103,
62,
0,
22,
128,
164,
128,
88,
34,
-18,
12,
79,
102,
122,
134,
90,
27,
28,
46,
35,
-2,
-40,
-43,
3,
57,
71,
32,
-28,
-3,
108,
170,
120,
69,
80,
60,
-8,
-43,
-50,
-60,
-48,
-14,
-38,
-99,
-59,
41,
89,
81,
33,
-39,
-75,
-25,
57,
100,
71,
12,
-36,
-74,
-112,
-119,
-95,
-74,
-67,
-77,
-99,
-125,
-117,
-68,
-44,
-74,
-102,
-93,
-77,
-49,
-21,
-49,
-95,
-106,
-122,
-158,
-191,
-195,
-211,
-231,
-218,
-195,
-188,
-183,
-138,
-89,
-112,
-158,
-181,
-179,
-148,
-114,
-94,
-138,
-233,
-278,
-238,
-188,
-193,
-204,
-166,
-144,
-175,
-195,
-186,
-196,
-216,
-197,
-184,
-205,
-216,
-209,
-180,
-112,
-74,
-118,
-157,
-159,
-164,
-163,
-109,
-72,
-107,
-139,
-136,
-147,
-157,
-140,
-109,
-99,
-101,
-97,
-105,
-97,
-75,
-78,
-73,
-31,
5,
27,
50,
45,
-29,
-61,
0,
75,
108,
100,
47,
-40,
-98,
-78,
-2,
76,
112,
62,
-2,
15,
70,
92,
112,
140,
130,
98,
100,
125,
150,
186,
205,
161,
103,
90,
122,
143,
147,
190,
241,
263,
250,
231,
196,
150,
163,
241,
290,
287,
278,
291,
307,
313,
304,
285,
258,
258,
283,
291,
257,
247,
295,
332,
298,
251,
281,
335,
319,
281,
287,
327,
373,
389,
354,
311,
322,
366,
405,
417,
362,
296,
292,
324,
329,
322,
331,
328,
296,
289,
304,
269,
215,
257,
356,
401,
393,
400,
410,
385,
324,
257,
238,
289,
339,
364,
394,
393,
321,
259,
292,
338,
301,
256,
269,
323,
372,
403,
402,
333,
253,
254,
302,
291,
219,
180,
212,
243,
250,
241,
223,
216,
213,
188,
146,
128,
154,
187,
182,
164,
180,
197,
181,
167,
189,
195,
172,
159,
166,
150,
78,
-1,
-22,
-25,
-41,
-53,
-23,
24,
30,
-6,
-41,
-51,
-25,
8,
-1,
-70,
-114,
-83,
-24,
24,
21,
-52,
-156,
-191,
-133,
-93,
-100,
-87,
-76,
-108,
-126,
-106,
-70,
-50,
-57,
-58,
-46,
-48,
-97,
-146,
-140,
-124,
-156,
-221,
-242,
-208,
-178,
-162,
-157,
-190,
-244,
-263,
-229,
-169,
-129,
-130,
-170,
-210,
-218,
-197,
-171,
-179,
-197,
-214,
-228,
-250,
-304,
-343,
-325,
-279,
-288,
-359,
-389,
-354,
-364,
-425,
-446,
-425,
-432,
-459,
-433,
-383,
-349,
-344,
-343,
-303,
-275,
-314,
-358,
-351,
-335,
-372,
-423,
-433,
-454,
-463,
-430,
-426,
-481,
-526,
-527,
-533,
-548,
-540,
-508,
-447,
-369,
-343,
-385,
-423,
-423,
-406,
-380,
-350,
-350,
-381,
-391,
-375,
-356,
-319,
-271,
-286,
-340,
-352,
-312,
-269,
-225,
-201,
-229,
-290,
-316,
-288,
-230,
-228,
-316,
-391,
-358,
-292,
-272,
-281,
-282,
-275,
-255,
-232,
-243,
-250,
-205,
-154,
-184,
-241,
-210,
-98,
1,
39,
10,
-78,
-170,
-177,
-114,
-43,
-1,
11,
21,
18,
11,
-1,
-45,
-121,
-135,
-49,
36,
26,
-29,
-34,
1,
20,
14,
38,
124,
168,
102,
30,
53,
146,
218,
234,
197,
113,
48,
54,
90,
116,
145,
150,
119,
95,
143,
207,
223,
249,
298,
318,
299,
305,
333,
321,
305,
290,
249,
238,
312,
391,
408,
392,
381,
392,
414,
404,
377,
391,
428,
429,
411,
433,
483,
504,
472,
440,
432,
404,
336,
292,
328,
386,
400,
395,
396,
400,
419,
440,
435,
404,
404,
433,
419,
374,
342,
364,
408,
456,
455,
374,
311,
321,
348,
366,
362,
314,
233,
193,
226,
279,
306,
300,
236,
138,
117,
187,
238,
201,
138,
85,
38,
46,
109,
157,
129,
57,
-24,
-70,
-61,
-31,
-13,
5,
-1,
-65,
-116,
-94,
-57,
-43,
-70,
-114,
-138,
-131,
-95,
-96,
-156,
-218,
-215,
-176,
-171,
-210,
-248,
-277,
-303,
-347,
-367,
-358,
-368,
-377,
-366,
-378,
-445,
-500,
-503,
-471,
-465,
-474,
-467,
-460,
-494,
-543,
-579,
-573,
-551,
-517,
-493,
-495,
-526,
-563,
-559,
-512,
-494,
-539,
-616,
-655,
-650,
-636,
-624,
-582,
-544,
-566,
-607,
-604,
-609,
-652,
-691,
-685,
-666,
-675,
-701,
-713,
-701,
-700,
-739,
-766,
-747,
-720,
-720,
-739,
-741,
-740,
-764,
-779,
-767,
-748,
-746,
-781,
-819,
-838,
-836,
-808,
-751,
-707,
-764,
-861,
-874,
-818,
-783,
-801,
-820,
-819,
-813,
-785,
-736,
-703,
-714,
-735,
-732,
-715,
-704,
-719,
-737,
-724,
-742,
-818,
-849,
-788,
-735,
-733,
-727,
-736,
-766,
-762,
-748,
-743,
-752,
-773,
-801,
-822,
-808,
-750,
-709,
-730,
-768,
-780,
-781,
-801,
-812,
-788,
-733,
-685,
-666,
-671,
-674,
-685,
-679,
-644,
-650,
-694,
-690,
-657,
-665,
-697,
-675,
-616,
-610,
-669,
-724,
-719,
-657,
-603,
-573,
-568,
-588,
-615,
-612,
-558,
-546,
-587,
-599,
-565,
-539,
-548,
-584,
-589,
-534,
-463,
-441,
-466,
-472,
-424,
-354,
-332,
-384,
-455,
-460,
-411,
-365,
-368,
-392,
-424,
-452,
-423,
-396,
-393,
-338,
-241,
-211,
-261,
-270,
-202,
-141,
-142,
-142,
-135,
-197,
-265,
-231,
-151,
-126,
-144,
-165,
-175,
-164,
-171,
-175,
-107,
-26,
-9,
-22,
-21,
0,
35,
73,
92,
78,
36,
28,
66,
89,
99,
137,
183,
202,
198,
167,
155,
198,
269,
288,
230,
171,
195,
258,
291,
325,
345,
286,
222,
212,
233,
268,
338,
403,
433,
429,
388,
355,
392,
476,
524,
476,
393,
380,
432,
485,
507,
491,
458,
446,
477,
490,
495,
537,
585,
579,
551,
551,
561,
571,
607,
620,
611,
590,
562,
547,
541,
539,
560,
629,
681,
691,
719,
767,
786,
808,
831,
828,
793,
767,
766,
770,
783,
824,
865,
892,
890,
845,
798,
808,
840,
799,
754,
788,
842,
852,
876,
901,
859,
796,
791,
827,
858,
873,
846,
826,
849,
882,
909,
985,
1043,
1013,
948,
933,
951,
951,
962,
1012,
1006,
910,
795,
748,
790,
849,
850,
783,
704,
675,
724,
805,
835,
823,
829,
803,
750,
759,
828,
880,
864,
805,
750,
727,
746,
787,
807,
804,
813,
830,
795,
720,
690,
733,
814,
859,
845,
777,
720,
711,
750,
771,
738,
669,
647,
698,
721,
665,
582,
557,
592,
659,
690,
675,
683,
726,
734,
708,
710,
728,
722,
721,
722,
686,
621,
589,
604,
621,
619,
623,
618,
592,
579,
606,
619,
603,
599,
607,
607,
597,
604,
643,
708,
743,
703,
609,
575,
627,
674,
649,
604,
597,
609,
597,
569,
542,
524,
509,
501,
547,
607,
618,
590,
597,
632,
591,
511,
514,
556,
567,
585,
627,
612,
562,
582,
642,
630,
580,
549,
549,
554,
549,
515,
503,
551,
575,
523,
480,
484,
501,
519,
531,
509,
487,
467,
438,
449,
517,
558,
502,
402,
364,
397,
437,
470,
520,
543,
504,
453,
408,
385,
417,
461,
449,
382,
345,
355,
370,
389,
406,
371,
328,
326,
325,
300,
276,
245,
214,
223,
291,
357,
329,
239,
203,
245,
292,
349,
396,
370,
312,
288,
271,
208,
165,
217,
301,
310,
217,
111,
44,
14,
11,
27,
28,
1,
-17,
13,
47,
49,
51,
73,
98,
96,
59,
3,
-36,
-11,
35,
18,
-52,
-96,
-80,
-86,
-151,
-207,
-206,
-172,
-139,
-111,
-97,
-116,
-114,
-72,
-57,
-85,
-105,
-105,
-125,
-193,
-244,
-256,
-274,
-327,
-364,
-380,
-398,
-394,
-363,
-379,
-459,
-482,
-439,
-441,
-469,
-444,
-406,
-421,
-460,
-442,
-401,
-408,
-463,
-512,
-532,
-560,
-568,
-510,
-458,
-493,
-565,
-566,
-501,
-478,
-522,
-573,
-590,
-600,
-613,
-604,
-577,
-569,
-591,
-613,
-616,
-603,
-606,
-604,
-566,
-566,
-648,
-706,
-673,
-633,
-651,
-687,
-685,
-648,
-631,
-651,
-642,
-602,
-616,
-667,
-675,
-640,
-613,
-611,
-629,
-629,
-650,
-716,
-714,
-691,
-808,
-914,
-834,
-718,
-714,
-727,
-688,
-616,
-591,
-718,
-848,
-769,
-614,
-614,
-709,
-721,
-647,
-636,
-700,
-711,
-690,
-739,
-812,
-820,
-822,
-861,
-848,
-744,
-672,
-718,
-761,
-705,
-670,
-703,
-728,
-740,
-798,
-840,
-821,
-779,
-750,
-821,
-959,
-973,
-879,
-856,
-922,
-946,
-914,
-854,
-813,
-849,
-876,
-813,
-772,
-814,
-875,
-893,
-896,
-910,
-898,
-840,
-801,
-818,
-826,
-819,
-805,
-785,
-810,
-864,
-854,
-776,
-738,
-787,
-876,
-930,
-901,
-814,
-802,
-903,
-997,
-964,
-887,
-888,
-893,
-829,
-781,
-802,
-811,
-797,
-847,
-899,
-851,
-806,
-854,
-942,
-970,
-916,
-850,
-859,
-917,
-933,
-932,
-947,
-954,
-922,
-913,
-948,
-948,
-912,
-946,
-1021,
-1009,
-927,
-902,
-975,
-1029,
-978,
-917,
-954,
-1007,
-994,
-955,
-938,
-922,
-930,
-972,
-990,
-959,
-918,
-920,
-955,
-975,
-952,
-919,
-904,
-912,
-904,
-884,
-876,
-908,
-973,
-971,
-887,
-843,
-873,
-887,
-858,
-882,
-970,
-986,
-927,
-901,
-920,
-915,
-906,
-932,
-939,
-904,
-847,
-759,
-716,
-783,
-864,
-872,
-837,
-821,
-793,
-750,
-748,
-772,
-764,
-763,
-777,
-748,
-671,
-639,
-648,
-641,
-604,
-569,
-559,
-569,
-600,
-620,
-628,
-624,
-588,
-563,
-569,
-559,
-496,
-430,
-416,
-425,
-410,
-371,
-315,
-269,
-265,
-283,
-288,
-263,
-196,
-143,
-138,
-142,
-133,
-135,
-153,
-147,
-99,
-60,
-53,
-49,
-12,
78,
149,
147,
90,
39,
14,
0,
43,
136,
179,
161,
124,
119,
186,
285,
319,
265,
243,
299,
354,
382,
402,
408,
415,
406,
402,
442,
546,
611,
579,
543,
532,
507,
494,
552,
634,
684,
693,
693,
686,
665,
636,
637,
675,
708,
724,
752,
751,
701,
678,
746,
866,
906,
838,
778,
791,
811,
800,
824,
897,
919,
899,
899,
895,
874,
873,
930,
976,
961,
940,
957,
988,
997,
1012,
1054,
1094,
1099,
1088,
1091,
1106,
1099,
1077,
1106,
1175,
1184,
1131,
1123,
1165,
1196,
1217,
1232,
1221,
1204,
1225,
1265,
1272,
1239,
1201,
1219,
1291,
1361,
1385,
1360,
1332,
1327,
1346,
1383,
1413,
1404,
1372,
1377,
1375,
1336,
1300,
1312,
1358,
1393,
1396,
1404,
1422,
1423,
1438,
1471,
1454,
1405,
1394,
1429,
1449,
1416,
1384,
1421,
1509,
1523,
1434,
1365,
1378,
1428,
1448,
1451,
1467,
1482,
1463,
1450,
1447,
1431,
1425,
1456,
1496,
1476,
1378,
1320,
1349,
1361,
1345,
1353,
1397,
1424,
1422,
1407,
1378,
1366,
1356,
1334,
1320,
1274,
1212,
1231,
1320,
1369,
1308,
1198,
1154,
1203,
1266,
1268,
1200,
1130,
1110,
1119,
1120,
1121,
1149,
1177,
1139,
1044,
969,
968,
997,
1004,
984,
949,
873,
830,
905,
1005,
978,
888,
839,
824,
800,
789,
804,
803,
756,
700,
705,
743,
714,
634,
602,
610,
580,
497,
483,
584,
642,
594,
530,
502,
479,
430,
387,
362,
357,
369,
385,
366,
317,
296,
298,
263,
185,
133,
150,
213,
235,
174,
94,
45,
25,
22,
12,
2,
22,
28,
-23,
-83,
-114,
-112,
-110,
-106,
-89,
-101,
-146,
-165,
-125,
-93,
-121,
-186,
-236,
-263,
-292,
-332,
-342,
-326,
-320,
-330,
-363,
-420,
-497,
-552,
-544,
-483,
-434,
-428,
-430,
-439,
-454,
-460,
-448,
-436,
-459,
-516,
-568,
-590,
-581,
-542,
-519,
-505,
-508,
-590,
-704,
-714,
-626,
-605,
-679,
-716,
-669,
-618,
-632,
-668,
-673,
-668,
-682,
-683,
-675,
-719,
-770,
-748,
-681,
-691,
-787,
-845,
-827,
-817,
-828,
-812,
-789,
-773,
-747,
-701,
-680,
-721,
-779,
-754,
-646,
-607,
-707,
-806,
-786,
-734,
-729,
-754,
-775,
-819,
-851,
-843,
-854,
-879,
-873,
-846,
-847,
-878,
-900,
-876,
-795,
-700,
-668,
-696,
-737,
-773,
-791,
-803,
-803,
-817,
-853,
-871,
-879,
-903,
-915,
-881,
-832,
-803,
-805,
-805,
-798,
-807,
-837,
-830,
-775,
-728,
-739,
-781,
-839,
-875,
-883,
-870,
-849,
-854,
-898,
-932,
-912,
-886,
-893,
-891,
-850,
-809,
-804,
-776,
-740,
-765,
-819,
-810,
-759,
-781,
-842,
-843,
-794,
-810,
-891,
-894,
-804,
-746,
-773,
-805,
-764,
-710,
-717,
-733,
-693,
-644,
-637,
-650,
-662,
-697,
-773,
-789,
-694,
-607,
-633,
-703,
-704,
-672,
-685,
-685,
-631,
-588,
-610,
-632,
-604,
-550,
-557,
-623,
-644,
-607,
-614,
-659,
-626,
-537,
-516,
-565,
-580,
-573,
-610,
-635,
-567,
-488,
-495,
-535,
-532,
-487,
-454,
-472,
-521,
-541,
-521,
-508,
-519,
-536,
-541,
-536,
-501,
-439,
-433,
-478,
-466,
-413,
-407,
-453,
-484,
-481,
-446,
-420,
-415,
-407,
-398,
-410,
-391,
-360,
-380,
-409,
-393,
-362,
-343,
-343,
-331,
-286,
-268,
-276,
-236,
-199,
-232,
-276,
-264,
-227,
-216,
-235,
-248,
-250,
-264,
-255,
-214,
-189,
-209,
-219,
-195,
-155,
-132,
-146,
-151,
-118,
-103,
-114,
-85,
-30,
-30,
-64,
-70,
-95,
-154,
-133,
-18,
42,
-17,
-81,
-80,
-48,
-17,
25,
70,
64,
18,
-15,
11,
57,
78,
91,
124,
136,
115,
131,
168,
131,
45,
31,
75,
88,
81,
91,
95,
87,
128,
210,
221,
149,
112,
125,
139,
151,
173,
181,
158,
151,
172,
181,
176,
175,
181,
186,
192,
171,
145,
182,
250,
266,
281,
329,
301,
207,
185,
251,
252,
186,
173,
231,
261,
267,
301,
303,
241,
203,
227,
270,
279,
263,
260,
290,
294,
268,
302,
349,
312,
244,
260,
296,
252,
183,
220,
319,
354,
324,
345,
427,
467,
438,
426,
442,
408,
331,
342,
448,
508,
490,
476,
482,
460,
439,
482,
521,
464,
414,
499,
632,
650,
579,
580,
643,
631,
566,
553,
588,
591,
559,
542,
520,
470,
434,
506,
625,
625,
546,
552,
618,
625,
602,
627,
674,
709,
758,
800,
772,
697,
677,
684,
665,
632,
637,
676,
740,
780,
743,
686,
702,
752,
770,
770,
778,
770,
742,
738,
773,
804,
797,
741,
681,
670,
681,
700,
730,
750,
744,
746,
765,
748,
705,
690,
724,
784,
817,
799,
775,
776,
795,
818,
853,
844,
754,
642,
618,
678,
716,
700,
695,
700,
663,
609,
586,
603,
622,
600,
553,
558,
607,
636,
670,
706,
716,
675,
609,
561,
565,
600,
634,
647,
632,
586,
543,
514,
497,
511,
529,
519,
488,
515,
594,
625,
593,
553,
526,
505,
521,
561,
533,
478,
496,
541,
520,
470,
457,
472,
495,
502,
481,
478,
509,
495,
446,
460,
505,
484,
441,
439,
444,
405,
342,
334,
375,
397,
377,
361,
351,
320,
288,
293,
318,
318,
289,
240,
189,
158,
185,
240,
272,
262,
221,
157,
96,
100,
169,
222,
206,
166,
135,
80,
46,
96,
156,
146,
103,
90,
68,
15,
25,
90,
108,
38,
-52,
-75,
-47,
-27,
-43,
-59,
-82,
-121,
-130,
-114,
-159,
-221,
-205,
-136,
-120,
-183,
-257,
-275,
-240,
-223,
-251,
-290,
-297,
-299,
-323,
-341,
-342,
-367,
-411,
-413,
-385,
-405,
-439,
-425,
-384,
-393,
-462,
-489,
-442,
-409,
-456,
-498,
-467,
-431,
-423,
-399,
-373,
-386,
-422,
-418,
-413,
-507,
-596,
-545,
-421,
-387,
-461,
-556,
-619,
-626,
-602,
-589,
-582,
-596,
-661,
-707,
-668,
-568,
-476,
-445,
-481,
-554,
-613,
-599,
-529,
-478,
-483,
-527,
-578,
-604,
-602,
-601,
-606,
-595,
-594,
-620,
-638,
-621,
-592,
-576,
-572,
-574,
-589,
-587,
-528,
-476,
-487,
-552,
-588,
-562,
-538,
-569,
-592,
-538,
-491,
-525,
-563,
-530,
-481,
-462,
-458,
-455,
-459,
-479,
-495,
-492,
-456,
-429,
-460,
-518,
-538,
-552,
-578,
-547,
-455,
-403,
-448,
-506,
-489,
-447,
-433,
-420,
-386,
-385,
-426,
-459,
-449,
-388,
-333,
-315,
-319,
-340,
-384,
-416,
-410,
-414,
-458,
-481,
-436,
-342,
-279,
-295,
-335,
-324,
-267,
-252,
-310,
-358,
-320,
-239,
-170,
-119,
-91,
-88,
-80,
-93,
-131,
-133,
-93,
-41,
15,
21,
-87,
-204,
-171,
-50,
-5,
-54,
-118,
-154,
-150,
-90,
-23,
3,
1,
13,
34,
35,
9,
-3,
25,
62,
92,
116,
114,
87,
88,
151,
194,
151,
119,
161,
207,
213,
209,
207,
200,
235,
280,
271,
235,
208,
180,
174,
225,
270,
263,
254,
273,
275,
239,
232,
279,
323,
312,
259,
196,
180,
254,
376,
417,
328,
270,
311,
364,
350,
341,
346,
329,
330,
387,
445,
458,
431,
399,
381,
369,
362,
385,
439,
482,
479,
454,
419,
407,
445,
502,
499,
445,
411,
422,
439,
447,
434,
426,
442,
437,
393,
339,
319,
353,
399,
405,
384,
368,
384,
429,
466,
486,
503,
502,
487,
490,
529,
544,
482,
404,
419,
486,
461,
380,
347,
341,
313,
320,
385,
419,
365,
298,
278,
279,
307,
374,
411,
335,
235,
253,
368,
431,
401,
352,
343,
341,
292,
250,
292,
384,
416,
386,
325,
261,
250,
293,
334,
329,
274,
220,
247,
344,
375,
302,
231,
209,
214,
233,
275,
262,
177,
125,
178,
255,
270,
237,
226,
242,
234,
202,
193,
211,
216,
193,
144,
100,
111,
168,
204,
189,
144,
105,
113,
159,
212,
213,
187,
168,
150,
127,
113,
121,
134,
128,
112,
100,
81,
59,
32,
18,
6,
-20,
-44,
-52,
-43,
-47,
-70,
-65,
-11,
9,
-67,
-142,
-132,
-100,
-85,
-75,
-116,
-207,
-253,
-215,
-168,
-174,
-173,
-126,
-113,
-178,
-263,
-309,
-315,
-309,
-281,
-243,
-249,
-307,
-347,
-340,
-345,
-379,
-370,
-322,
-332,
-412,
-460,
-425,
-338,
-273,
-273,
-324,
-371,
-388,
-400,
-392,
-338,
-320,
-381,
-417,
-363,
-335,
-385,
-398,
-348,
-331,
-376,
-443,
-484,
-466,
-395,
-356,
-375,
-396,
-418,
-454,
-435,
-359,
-346,
-422,
-502,
-535,
-531,
-482,
-437,
-430,
-447,
-466,
-504,
-547,
-537,
-481,
-424,
-403,
-430,
-487,
-533,
-544,
-511,
-473,
-485,
-549,
-565,
-524,
-519,
-567,
-588,
-575,
-552,
-544,
-586,
-639,
-636,
-605,
-592,
-579,
-560,
-564,
-589,
-587,
-576,
-570,
-583,
-617,
-641,
-636,
-603,
-553,
-537,
-580,
-649,
-691,
-694,
-701,
-718,
-712,
-701,
-716,
-746,
-751,
-733,
-716,
-684,
-678,
-709,
-752,
-764,
-723,
-650,
-637,
-684,
-731,
-757,
-774,
-761,
-703,
-663,
-684,
-715,
-709,
-700,
-687,
-649,
-593,
-565,
-603,
-704,
-776,
-725,
-645,
-647,
-682,
-680,
-683,
-726,
-731,
-699,
-688,
-710,
-755,
-802,
-842,
-826,
-743,
-655,
-649,
-712,
-731,
-672,
-654,
-712,
-728,
-666,
-637,
-679,
-713,
-704,
-689,
-685,
-709,
-726,
-707,
-709,
-734,
-706,
-661,
-689,
-722,
-687,
-629,
-625,
-675,
-709,
-678,
-615,
-584,
-595,
-616,
-629,
-615,
-598,
-607,
-630,
-608,
-556,
-544,
-565,
-578,
-587,
-587,
-553,
-537,
-619,
-704,
-645,
-504,
-464,
-538,
-572,
-550,
-543,
-556,
-557,
-551,
-568,
-621,
-649,
-639,
-643,
-636,
-549,
-426,
-359,
-420,
-524,
-536,
-469,
-473,
-552,
-554,
-477,
-442,
-470,
-486,
-465,
-451,
-450,
-438,
-455,
-514,
-520,
-431,
-319,
-266,
-284,
-312,
-308,
-288,
-294,
-320,
-322,
-282,
-221,
-177,
-158,
-155,
-186,
-212,
-186,
-138,
-128,
-132,
-81,
6,
58,
58,
44,
17,
-18,
-33,
-16,
18,
19,
12,
45,
102,
114,
120,
167,
192,
164,
152,
191,
230,
239,
229,
245,
275,
282,
281,
314,
340,
318,
295,
326,
354,
344,
357,
414,
466,
460,
455,
482,
519,
538,
543,
531,
490,
463,
504,
594,
654,
639,
605,
632,
683,
686,
655,
645,
670,
693,
680,
656,
659,
689,
738,
773,
769,
739,
707,
711,
756,
790,
800,
822,
861,
882,
890,
910,
926,
945,
972,
974,
942,
929,
938,
955,
989,
1026,
1023,
1033,
1092,
1106,
1051,
1037,
1082,
1105,
1086,
1066,
1062,
1075,
1106,
1142,
1161,
1149,
1135,
1147,
1177,
1182,
1147,
1108,
1153,
1267,
1340,
1326,
1296,
1286,
1280,
1287,
1312,
1324,
1306,
1307,
1314,
1305,
1280,
1259,
1273,
1324,
1333,
1264,
1226,
1295,
1366,
1356,
1334,
1332,
1336,
1355,
1379,
1363,
1318,
1313,
1334,
1355,
1357,
1330,
1303,
1342,
1420,
1445,
1398,
1323,
1285,
1335,
1401,
1387,
1337,
1317,
1309,
1291,
1297,
1309,
1303,
1308,
1336,
1340,
1293,
1258,
1291,
1339,
1343,
1349,
1370,
1384,
1387,
1394,
1386,
1350,
1310,
1292,
1264,
1222,
1189,
1185,
1194,
1209,
1206,
1162,
1113,
1113,
1112,
1103,
1113,
1129,
1136,
1133,
1075,
981,
950,
990,
1015,
1008,
1000,
1005,
994,
955,
955,
1015,
1038,
982,
924,
921,
906,
874,
869,
867,
839,
808,
800,
793,
757,
723,
737,
748,
704,
637,
628,
658,
642,
605,
613,
643,
638,
614,
596,
571,
533,
510,
541,
576,
539,
419,
356,
404,
467,
466,
407,
332,
304,
351,
412,
396,
334,
290,
274,
291,
324,
328,
315,
304,
290,
279,
277,
265,
254,
253,
230,
187,
171,
176,
145,
101,
106,
124,
91,
44,
77,
140,
140,
93,
71,
70,
56,
-20,
-107,
-109,
-59,
-52,
-82,
-95,
-115,
-162,
-169,
-131,
-143,
-202,
-207,
-161,
-137,
-158,
-181,
-214,
-255,
-283,
-320,
-362,
-355,
-314,
-297,
-319,
-386,
-497,
-567,
-509,
-406,
-402,
-481,
-552,
-553,
-484,
-429,
-448,
-526,
-590,
-625,
-662,
-680,
-654,
-634,
-648,
-686,
-736,
-788,
-818,
-821,
-835,
-848,
-840,
-850,
-896,
-922,
-895,
-870,
-865,
-872,
-891,
-953,
-1046,
-1103,
-1086,
-1020,
-953,
-929,
-986,
-1078,
-1107,
-1081,
-1075,
-1096,
-1120,
-1139,
-1158,
-1147,
-1116,
-1103,
-1135,
-1185,
-1227,
-1253,
-1258,
-1247,
-1212,
-1141,
-1115,
-1174,
-1228,
-1242,
-1240,
-1229,
-1234,
-1262,
-1285,
-1271,
-1246,
-1241,
-1268,
-1327,
-1372,
-1367,
-1345,
-1333,
-1320,
-1304,
-1281,
-1264,
-1259,
-1261,
-1298,
-1347,
-1354,
-1308,
-1261,
-1265,
-1296,
-1314,
-1321,
-1302,
-1288,
-1328,
-1365,
-1344,
-1299,
-1287,
-1273,
-1245,
-1250,
-1246,
-1254,
-1332,
-1396,
-1352,
-1280,
-1259,
-1268,
-1277,
-1300,
-1287,
-1266,
-1257,
-1236,
-1199,
-1203,
-1206,
-1157,
-1112,
-1135,
-1188,
-1193,
-1170,
-1178,
-1215,
-1222,
-1201,
-1204,
-1197,
-1169,
-1139,
-1115,
-1113,
-1122,
-1122,
-1145,
-1195,
-1218,
-1163,
-1096,
-1074,
-1066,
-1060,
-1056,
-1041,
-1040,
-1085,
-1158,
-1174,
-1112,
-1042,
-1008,
-1018,
-1063,
-1065,
-1018,
-1043,
-1146,
-1196,
-1143,
-1069,
-1026,
-1024,
-1055,
-1061,
-1017,
-999,
-1026,
-1018,
-936,
-861,
-877,
-938,
-946,
-909,
-885,
-904,
-968,
-1061,
-1075,
-983,
-935,
-1002,
-1065,
-1043,
-984,
-957,
-945,
-935,
-954,
-975,
-957,
-915,
-919,
-975,
-993,
-928,
-877,
-933,
-1009,
-985,
-940,
-962,
-965,
-889,
-849,
-897,
-914,
-857,
-834,
-846,
-813,
-763,
-761,
-807,
-838,
-814,
-764,
-769,
-811,
-805,
-752,
-699,
-642,
-607,
-624,
-672,
-674,
-609,
-560,
-576,
-600,
-603,
-614,
-589,
-507,
-465,
-500,
-526,
-495,
-449,
-447,
-460,
-444,
-422,
-400,
-376,
-367,
-378,
-372,
-312,
-205,
-145,
-191,
-245,
-198,
-151,
-174,
-170,
-98,
-68,
-97,
-105,
-54,
4,
-5,
-47,
-63,
-41,
-18,
5,
30,
46,
53,
71,
108,
128,
157,
228,
278,
241,
199,
257,
335,
328,
292,
305,
316,
272,
210,
213,
276,
327,
367,
401,
435,
430,
393,
372,
412,
473,
483,
442,
418,
407,
442,
532,
611,
604,
542,
517,
547,
565,
544,
559,
653,
714,
670,
616,
619,
655,
694,
724,
734,
710,
667,
663,
712,
774,
798,
772,
733,
720,
728,
745,
776,
791,
805,
849,
879,
844,
805,
830,
874,
906,
919,
922,
927,
941,
977,
1000,
1034,
1106,
1167,
1149,
1087,
1060,
1066,
1067,
1076,
1078,
1074,
1098,
1121,
1131,
1145,
1179,
1220,
1234,
1246,
1267,
1265,
1242,
1239,
1260,
1269,
1240,
1221,
1244,
1282,
1266,
1208,
1188,
1221,
1263,
1283,
1251,
1207,
1216,
1263,
1324,
1368,
1317,
1204,
1157,
1229,
1290,
1271,
1226,
1217,
1240,
1243,
1213,
1192,
1199,
1213,
1213,
1217,
1226,
1239,
1254,
1273,
1283,
1238,
1176,
1192,
1280,
1332,
1312,
1291,
1294,
1298,
1302,
1299,
1266,
1232,
1245,
1292,
1305,
1268,
1220,
1186,
1189,
1206,
1211,
1210,
1172,
1117,
1125,
1181,
1210,
1204,
1227,
1261,
1240,
1186,
1181,
1212,
1228,
1208,
1198,
1222,
1214,
1166,
1146,
1158,
1123,
1051,
1047,
1084,
1087,
1076,
1065,
1045,
997,
979,
1039,
1102,
1068,
961,
914,
963,
1008,
999,
980,
984,
983,
960,
944,
930,
886,
857,
883,
907,
874,
826,
844,
878,
863,
842,
841,
835,
820,
830,
819,
744,
668,
679,
734,
728,
669,
643,
660,
692,
713,
729,
722,
670,
608,
584,
588,
582,
574,
591,
589,
547,
528,
535,
539,
541,
541,
511,
464,
426,
395,
398,
450,
481,
460,
431,
401,
381,
368,
339,
288,
237,
221,
238,
224,
170,
157,
200,
242,
229,
157,
83,
56,
98,
144,
145,
122,
112,
113,
85,
48,
68,
100,
111,
81,
11,
-53,
-71,
-52,
-51,
-70,
-99,
-133,
-121,
-82,
-93,
-147,
-193,
-230,
-262,
-283,
-282,
-241,
-214,
-251,
-309,
-344,
-349,
-304,
-235,
-223,
-281,
-328,
-342,
-359,
-390,
-402,
-381,
-364,
-376,
-404,
-435,
-462,
-498,
-548,
-580,
-622,
-684,
-702,
-652,
-595,
-582,
-588,
-621,
-683,
-723,
-711,
-690,
-686,
-696,
-702,
-705,
-718,
-761,
-782,
-750,
-774,
-872,
-917,
-887,
-882,
-929,
-952,
-968,
-1009,
-1040,
-1038,
-1018,
-1004,
-1016,
-1067,
-1134,
-1164,
-1126,
-1058,
-993,
-959,
-973,
-991,
-989,
-976,
-958,
-933,
-926,
-982,
-1041,
-1057,
-1064,
-1085,
-1079,
-1046,
-1047,
-1089,
-1120,
-1146,
-1155,
-1140,
-1136,
-1136,
-1124,
-1137,
-1150,
-1108,
-1046,
-1033,
-1049,
-1046,
-1066,
-1136,
-1172,
-1130,
-1087,
-1096,
-1105,
-1073,
-1043,
-1059,
-1088,
-1087,
-1058,
-1029,
-1021,
-1012,
-996,
-1004,
-1022,
-1018,
-984,
-976,
-1012,
-1044,
-1042,
-1040,
-1040,
-1009,
-947,
-906,
-893,
-884,
-869,
-852,
-828,
-793,
-749,
-744,
-765,
-785,
-801,
-803,
-774,
-733,
-744,
-805,
-833,
-817,
-833,
-880,
-862,
-775,
-731,
-749,
-786,
-793,
-775,
-751,
-691,
-627,
-622,
-652,
-648,
-626,
-618,
-626,
-618,
-610,
-640,
-700,
-729,
-690,
-641,
-606,
-579,
-541,
-523,
-546,
-568,
-547,
-514,
-504,
-485,
-456,
-434,
-429,
-453,
-456,
-411,
-411,
-483,
-517,
-471,
-453,
-473,
-455,
-409,
-408,
-403,
-350,
-323,
-384,
-445,
-417,
-340,
-284,
-281,
-296,
-307,
-314,
-285,
-192,
-124,
-179,
-295,
-326,
-241,
-126,
-70,
-71,
-117,
-197,
-234,
-191,
-141,
-171,
-244,
-258,
-246,
-246,
-220,
-125,
-48,
-75,
-138,
-144,
-115,
-92,
-62,
6,
52,
25,
-28,
-40,
-14,
-3,
-5,
34,
84,
84,
33,
10,
44,
69,
37,
-12,
-14,
37,
105,
161,
175,
122,
67,
81,
129,
149,
120,
82,
80,
105,
142,
172,
213,
243,
216,
174,
179,
227,
252,
256,
271,
285,
259,
225,
219,
229,
230,
215,
216,
256,
296,
274,
224,
210,
215,
204,
214,
253,
291,
290,
276,
257,
256,
296,
347,
364,
346,
323,
326,
362,
411,
435,
413,
392,
380,
365,
376,
423,
436,
401,
378,
394,
418,
431,
442,
452,
443,
425,
426,
431,
412,
376,
354,
353,
387,
391,
325,
259,
263,
299,
340,
359,
373,
411,
451,
448,
387,
352,
381,
438,
470,
441,
378,
363,
434,
541,
570,
508,
427,
390,
423,
497,
507,
438,
409,
451,
449,
386,
350,
349,
362,
410,
458,
436,
391,
413,
485,
534,
497,
403,
393,
509,
588,
544,
475,
461,
491,
521,
515,
454,
414,
427,
440,
443,
447,
397,
342,
383,
447,
427,
387,
407,
443,
457,
452,
437,
452,
492,
499,
483,
466,
450,
463,
532,
582,
564,
522,
488,
490,
543,
578,
555,
530,
529,
512,
484,
489,
531,
547,
483,
389,
345,
363,
367,
377,
422,
433,
397,
392,
435,
474,
469,
445,
432,
401,
355,
334,
373,
412,
396,
376,
393,
397,
345,
302,
310,
318,
289,
286,
314,
327,
326,
318,
311,
300,
292,
302,
329,
311,
243,
205,
220,
211,
186,
208,
236,
199,
137,
141,
190,
213,
200,
202,
217,
204,
208,
274,
309,
241,
157,
149,
175,
179,
151,
141,
160,
148,
91,
65,
88,
74,
42,
52,
72,
53,
62,
108,
118,
83,
87,
137,
146,
101,
55,
22,
20,
51,
59,
36,
24,
23,
27,
67,
64,
-5,
-27,
29,
57,
45,
74,
124,
94,
38,
77,
153,
172,
124,
50,
-33,
-94,
-85,
5,
85,
44,
-93,
-167,
-125,
-70,
-60,
-30,
14,
-1,
-50,
-49,
-5,
7,
-17,
-26,
-10,
-21,
-63,
-80,
-53,
-51,
-64,
-12,
66,
67,
-19,
-96,
-109,
-85,
-73,
-94,
-134,
-148,
-135,
-86,
-29,
-23,
-102,
-187,
-201,
-175,
-170,
-162,
-136,
-125,
-126,
-110,
-117,
-133,
-107,
-66,
-80,
-165,
-258,
-292,
-250,
-188,
-142,
-104,
-121,
-183,
-218,
-186,
-127,
-113,
-124,
-131,
-126,
-144,
-154,
-128,
-114,
-122,
-111,
-109,
-165,
-201,
-159,
-126,
-128,
-113,
-101,
-126,
-166,
-149,
-91,
-87,
-165,
-234,
-228,
-209,
-219,
-218,
-227,
-252,
-228,
-174,
-162,
-178,
-132,
-59,
-61,
-157,
-239,
-203,
-101,
-76,
-145,
-195,
-175,
-148,
-134,
-117,
-119,
-141,
-153,
-162,
-171,
-154,
-155,
-194,
-168,
-76,
-66,
-162,
-219,
-179,
-144,
-158,
-183,
-172,
-108,
-47,
-36,
-79,
-130,
-121,
-57,
-28,
-80,
-131,
-128,
-126,
-139,
-148,
-149,
-140,
-141,
-153,
-132,
-65,
-2,
48,
143,
223,
184,
93,
5,
-83,
-226,
-419,
-484,
-420,
-307,
-143,
-34,
-33,
-36,
-39,
-82,
-116,
-142,
-237,
-244,
-51,
112,
200,
269,
173,
-26,
-141,
-170,
-184,
-203,
-226,
-255,
-214,
-60,
89,
83,
-23,
-58,
-16,
12,
-14,
-37,
-18,
18,
63,
97,
75,
-22,
-107,
-97,
-50,
-34,
-14,
8,
9,
-11,
-38,
-61,
-74,
-61,
-17,
39,
35,
-12,
-15,
47,
113,
129,
71,
-16,
-29,
59,
123,
91,
90,
216,
306,
216,
91,
76,
96,
67,
28,
31,
99,
174,
220,
254,
248,
184,
131,
128,
163,
184,
142,
79,
111,
246,
305,
202,
101,
117,
168,
190,
219,
258,
273,
316,
415,
477,
456,
354,
217,
135,
193,
310,
358,
361,
385,
351,
263,
282,
404,
420,
289,
252,
417,
531,
432,
296,
288,
370,
449,
506,
498,
416,
352,
349,
351,
353,
399,
466,
515,
548,
493,
389,
409,
540,
578,
528,
502,
480,
482,
577,
660,
586,
449,
441,
566,
650,
623,
552,
500,
504,
580,
661,
658,
592,
527,
480,
473,
510,
549,
553,
500,
422,
420,
497,
565,
551,
462,
424,
499,
527,
436,
437,
569,
575,
443,
389,
451,
525,
554,
487,
369,
313,
316,
322,
350,
418,
468,
452,
352,
269,
287,
351,
358,
315,
279,
243,
207,
209,
239,
230,
191,
190,
213,
207,
179,
119,
49,
50,
133,
200,
187,
142,
137,
186,
200,
120,
-6,
-101,
-99,
-18,
13,
-77,
-167,
-154,
-113,
-125,
-146,
-149,
-170,
-204,
-182,
-63,
57,
28,
-131,
-267,
-286,
-236,
-205,
-202,
-212,
-223,
-235,
-236,
-220,
-242,
-322,
-390,
-381,
-341,
-315,
-337,
-375,
-386,
-384,
-407,
-436,
-429,
-434,
-476,
-453,
-390,
-450,
-571,
-550,
-425,
-417,
-531,
-612,
-623,
-597,
-570,
-586,
-641,
-697,
-748,
-770,
-711,
-634,
-658,
-760,
-818,
-830,
-825,
-783,
-706,
-657,
-651,
-683,
-745,
-761,
-734,
-762,
-830,
-828,
-825,
-898,
-949,
-915,
-893,
-916,
-938,
-948,
-980,
-1004,
-1001,
-985,
-975,
-976,
-975,
-940,
-908,
-918,
-965,
-1020,
-1069,
-1092,
-1074,
-1042,
-1051,
-1062,
-1082,
-1114,
-1118,
-1098,
-1109,
-1151,
-1191,
-1214,
-1179,
-1082,
-1014,
-1045,
-1088,
-1058,
-1030,
-1064,
-1143,
-1196,
-1193,
-1176,
-1164,
-1126,
-1105,
-1181,
-1266,
-1234,
-1172,
-1188,
-1237,
-1221,
-1181,
-1179,
-1165,
-1085,
-1024,
-1035,
-1049,
-1063,
-1122,
-1181,
-1192,
-1172,
-1110,
-1048,
-1098,
-1174,
-1131,
-1033,
-1043,
-1126,
-1153,
-1129,
-1122,
-1126,
-1100,
-1097,
-1151,
-1144,
-1026,
-953,
-1030,
-1143,
-1141,
-1064,
-1027,
-1006,
-951,
-927,
-1003,
-1061,
-1009,
-945,
-902,
-819,
-750,
-776,
-834,
-842,
-808,
-786,
-802,
-836,
-842,
-788,
-731,
-717,
-742,
-773,
-798,
-757,
-682,
-661,
-695,
-684,
-630,
-618,
-598,
-531,
-480,
-493,
-538,
-586,
-628,
-597,
-498,
-398,
-347,
-367,
-417,
-408,
-352,
-323,
-343,
-340,
-259,
-173,
-161,
-235,
-302,
-278,
-170,
-68,
-41,
-109,
-193,
-197,
-110,
-20,
-2,
-21,
-13,
12,
42,
71,
94,
145,
229,
250,
162,
88,
138,
240,
304,
314,
282,
250,
264,
340,
422,
426,
383,
397,
496,
568,
540,
520,
577,
622,
585,
516,
481,
525,
647,
757,
743,
662,
631,
672,
736,
770,
717,
633,
623,
713,
794,
802,
800,
844,
908,
930,
896,
861,
863,
886,
922,
962,
990,
982,
968,
972,
971,
958,
956,
957,
967,
1002,
1058,
1118,
1166,
1162,
1099,
1048,
1062,
1077,
1077,
1098,
1125,
1134,
1135,
1162,
1180,
1169,
1177,
1194,
1173,
1121,
1097,
1116,
1142,
1160,
1169,
1167,
1178,
1210,
1241,
1212,
1126,
1097,
1163,
1230,
1228,
1194,
1196,
1228,
1229,
1197,
1190,
1225,
1229,
1187,
1155,
1149,
1159,
1166,
1168,
1161,
1145,
1150,
1189,
1242,
1279,
1244,
1162,
1127,
1167,
1216,
1222,
1198,
1171,
1135,
1118,
1154,
1192,
1158,
1083,
1076,
1156,
1191,
1132,
1097,
1179,
1267,
1290,
1305,
1308,
1251,
1171,
1112,
1084,
1085,
1086,
1074,
1076,
1092,
1076,
1029,
1048,
1096,
1075,
1004,
995,
1065,
1129,
1125,
1074,
1042,
1073,
1099,
1081,
1051,
976,
919,
959,
1029,
995,
916,
899,
923,
942,
956,
934,
912,
920,
920,
886,
845,
824,
855,
884,
885,
857,
839,
836,
826,
779,
711,
671,
691,
749,
786,
763,
713,
686,
666,
658,
692,
726,
693,
655,
656,
632,
600,
625,
642,
612,
618,
637,
611,
581,
588,
588,
575,
570,
575,
558,
523,
541,
599,
592,
516,
488,
516,
554,
578,
575,
534,
450,
370,
353,
358,
329,
300,
321,
367,
352,
303,
307,
349,
350,
283,
232,
250,
282,
295,
306,
322,
320,
293,
262,
233,
189,
124,
103,
163,
207,
142,
64,
74,
114,
100,
36,
1,
-9,
-29,
-25,
-26,
-106,
-175,
-131,
-50,
-33,
-62,
-103,
-162,
-185,
-141,
-85,
-83,
-110,
-140,
-187,
-226,
-221,
-217,
-226,
-231,
-242,
-283,
-330,
-325,
-298,
-321,
-352,
-367,
-380,
-375,
-341,
-319,
-347,
-384,
-390,
-378,
-409,
-493,
-527,
-469,
-407,
-392,
-406,
-421,
-443,
-486,
-517,
-527,
-573,
-607,
-585,
-565,
-576,
-578,
-571,
-562,
-536,
-510,
-555,
-661,
-753,
-734,
-633,
-570,
-589,
-616,
-641,
-674,
-689,
-691,
-731,
-759,
-740,
-710,
-724,
-761,
-769,
-754,
-732,
-731,
-788,
-860,
-825,
-709,
-658,
-715,
-784,
-844,
-916,
-942,
-910,
-901,
-936,
-958,
-923,
-916,
-988,
-1042,
-988,
-924,
-940,
-992,
-1025,
-1037,
-1004,
-958,
-930,
-920,
-942,
-976,
-1004,
-1042,
-1067,
-1037,
-1007,
-1040,
-1097,
-1097,
-1031,
-978,
-999,
-1075,
-1132,
-1134,
-1114,
-1132,
-1155,
-1118,
-1049,
-1011,
-999,
-1000,
-1042,
-1082,
-1104,
-1129,
-1135,
-1100,
-1102,
-1175,
-1241,
-1195,
-1109,
-1095,
-1134,
-1138,
-1100,
-1100,
-1129,
-1129,
-1122,
-1130,
-1118,
-1071,
-1052,
-1085,
-1132,
-1138,
-1142,
-1173,
-1206,
-1228,
-1215,
-1152,
-1094,
-1094,
-1145,
-1211,
-1209,
-1115,
-1037,
-1065,
-1115,
-1123,
-1120,
-1131,
-1123,
-1080,
-1021,
-1009,
-1030,
-1031,
-1042,
-1076,
-1053,
-965,
-918,
-951,
-960,
-892,
-832,
-842,
-902,
-936,
-926,
-932,
-960,
-972,
-967,
-978,
-988,
-931,
-814,
-777,
-870,
-936,
-897,
-816,
-751,
-716,
-728,
-760,
-761,
-743,
-755,
-796,
-795,
-760,
-750,
-772,
-790,
-787,
-745,
-693,
-732,
-822,
-851,
-799,
-743,
-732,
-737,
-686,
-664,
-663,
-593,
-538,
-577,
-587,
-537,
-517,
-542,
-583,
-561,
-456,
-342,
-265,
-174,
-136,
-250,
-504,
-819,
-1001,
-854,
-426,
37,
228,
2,
-378,
-549,
-473,
-369,
-405,
-517,
-513,
-394,
-266,
-55,
208,
240,
-38,
-335,
-455,
-437,
-304,
-56,
193,
227,
51,
-71,
-5,
69,
18,
-114,
-207,
-137,
44,
174,
215,
189,
100,
-37,
-147,
-152,
-24,
226,
420,
403,
240,
140,
192,
322,
385,
302,
121,
-18,
6,
192,
388,
411,
291,
252,
335,
385,
353,
300,
238,
227,
340,
516,
607,
576,
503,
446,
368,
279,
267,
385,
520,
577,
554,
512,
526,
590,
610,
527,
423,
400,
493,
645,
770,
752,
597,
542,
661,
719,
602,
496,
535,
635,
752,
848,
852,
768,
689,
709,
814,
870,
824,
747,
709,
720,
776,
839,
876,
884,
864,
805,
746,
769,
833,
846,
846,
906,
950,
963,
1004,
977,
838,
740,
784,
903,
1014,
1054,
1025,
984,
988,
1030,
1075,
1084,
1018,
908,
846,
887,
952,
1012,
1115,
1134,
975,
836,
898,
1049,
1110,
1056,
1002,
1011,
1068,
1110,
1118,
1092,
1043,
1023,
1072,
1116,
1096,
1063,
1075,
1104,
1064,
978,
960,
1067,
1167,
1153,
1086,
1040,
1053,
1152,
1243,
1213,
1092,
989,
975,
1033,
1055,
1044,
1097,
1184,
1169,
1093,
1070,
1108,
1157,
1176,
1168,
1124,
1043,
1009,
1046,
1054,
985,
914,
903,
924,
914,
848,
774,
749,
806,
913,
969,
935,
859,
826,
871,
937,
903,
791,
743,
815,
909,
902,
774,
630,
617,
709,
734,
660,
619,
620,
597,
589,
612,
584,
533,
585,
701,
703,
549,
401,
432,
573,
597,
461,
370,
407,
458,
438,
401,
378,
350,
327,
312,
273,
239,
267,
322,
339,
274,
176,
163,
238,
289,
249,
185,
162,
170,
197,
222,
180,
101,
75,
128,
169,
106,
-22,
-97,
-96,
-58,
-16,
-21,
-62,
-76,
-47,
-51,
-112,
-139,
-109,
-87,
-113,
-137,
-120,
-114,
-120,
-102,
-82,
-78,
-83,
-86,
-46,
-2,
-10,
-85,
-168,
-189,
-157,
-108,
-84,
-94,
-129,
-179,
-198,
-176,
-158,
-169,
-193,
-202,
-202,
-208,
-227,
-239,
-201,
-146,
-157,
-209,
-242,
-254,
-223,
-176,
-205,
-286,
-328,
-324,
-303,
-269,
-265,
-300,
-352,
-375,
-341,
-284,
-253,
-272,
-365,
-444,
-417,
-362,
-367,
-374,
-364,
-381,
-433,
-492,
-508,
-494,
-506,
-538,
-545,
-542,
-551,
-513,
-434,
-385,
-416,
-465,
-485,
-515,
-527,
-479,
-413,
-412,
-435,
-424,
-396,
-407,
-453,
-502,
-544,
-602,
-656,
-639,
-584,
-561,
-535,
-499,
-500,
-548,
-572,
-538,
-502,
-502,
-551,
-599,
-610,
-617,
-592,
-532,
-509,
-558,
-637,
-668,
-648,
-643,
-669,
-683,
-652,
-643,
-682,
-699,
-663,
-635,
-656,
-660,
-596,
-562,
-582,
-592,
-628,
-702,
-715,
-626,
-542,
-534,
-533,
-512,
-518,
-553,
-595,
-642,
-636,
-582,
-551,
-557,
-548,
-515,
-456,
-402,
-447,
-530,
-481,
-379,
-362,
-444,
-544,
-547,
-451,
-349,
-355,
-446,
-514,
-533,
-524,
-509,
-501,
-501,
-462,
-359,
-304,
-364,
-422,
-409,
-346,
-318,
-376,
-447,
-437,
-378,
-351,
-377,
-395,
-370,
-345,
-368,
-423,
-469,
-493,
-461,
-341,
-197,
-176,
-262,
-301,
-256,
-273,
-375,
-383,
-260,
-190,
-229,
-254,
-223,
-235,
-279,
-293,
-280,
-276,
-294,
-311,
-257,
-150,
-100,
-140,
-164,
-149,
-170,
-216,
-221,
-189,
-180,
-182,
-179,
-194,
-203,
-153,
-84,
-75,
-162,
-249,
-197,
-60,
-1,
-30,
-59,
-61,
-75,
-75,
-70,
-82,
-84,
-80,
-127,
-209,
-228,
-188,
-159,
-143,
-113,
-110,
-115,
-111,
-100,
-88,
-99,
-122,
-113,
-79,
-27,
1,
-53,
-102,
-55,
32,
34,
-29,
-37,
7,
0,
-63,
-98,
-96,
-94,
-70,
-46,
-95,
-147,
-112,
-44,
3,
39,
83,
67,
-60,
-206,
-255,
-214,
-112,
6,
84,
80,
-1,
-87,
-94,
-20,
54,
54,
32,
-1,
-47,
-36,
12,
-11,
-83,
-105,
-86,
-93,
-131,
-153,
-115,
-35,
-19,
-101,
-117,
-15,
58,
10,
-57,
-18,
102,
217,
280,
249,
132,
33,
59,
196,
310,
291,
191,
118,
126,
176,
220,
240,
223,
211,
218,
228,
277,
348,
348,
235,
130,
153,
236,
264,
256,
269,
264,
222,
229,
293,
281,
190,
205,
392,
516,
401,
209,
215,
400,
528,
513,
445,
385,
393,
505,
566,
435,
278,
329,
514,
568,
431,
305,
369,
550,
715,
747,
595,
374,
341,
567,
780,
760,
573,
464,
533,
598,
526,
443,
489,
568,
536,
415,
332,
328,
366,
481,
630,
609,
403,
330,
529,
719,
664,
512,
478,
531,
527,
515,
619,
700,
570,
322,
226,
287,
355,
450,
584,
571,
374,
247,
363,
581,
635,
488,
347,
334,
391,
469,
587,
629,
476,
300,
307,
405,
436,
401,
359,
295,
212,
203,
290,
351,
301,
242,
282,
313,
234,
139,
195,
326,
314,
177,
142,
226,
254,
230,
206,
159,
99,
85,
129,
153,
101,
76,
133,
168,
109,
26,
13,
19,
9,
17,
60,
75,
22,
-27,
-20,
-25,
-80,
-121,
-106,
-89,
-130,
-170,
-160,
-152,
-167,
-165,
-173,
-216,
-213,
-145,
-152,
-267,
-335,
-277,
-217,
-277,
-370,
-387,
-350,
