185,
167,
145,
156,
195,
206,
196,
200,
197,
193,
204,
213,
203,
172,
157,
191,
241,
223,
154,
147,
201,
240,
275,
297,
247,
180,
176,
195,
199,
217,
241,
218,
200,
218,
242,
275,
307,
283,
202,
164,
227,
293,
308,
287,
255,
235,
222,
206,
215,
254,
269,
242,
205,
175,
156,
194,
269,
300,
270,
239,
249,
297,
352,
360,
307,
248,
232,
227,
199,
189,
208,
194,
183,
238,
297,
297,
277,
257,
221,
201,
231,
252,
216,
133,
71,
99,
186,
261,
278,
262,
225,
195,
187,
189,
179,
143,
114,
117,
140,
168,
178,
166,
149,
133,
110,
96,
101,
109,
101,
115,
185,
241,
244,
233,
240,
230,
196,
184,
187,
196,
207,
219,
209,
178,
142,
82,
24,
34,
93,
113,
97,
116,
137,
132,
163,
210,
205,
170,
172,
178,
153,
136,
143,
131,
118,
144,
163,
145,
128,
145,
160,
145,
148,
191,
218,
199,
195,
270,
342,
325,
277,
256,
241,
225,
260,
335,
343,
265,
224,
253,
224,
148,
152,
218,
217,
155,
167,
229,
230,
222,
259,
282,
239,
160,
143,
221,
323,
371,
357,
336,
310,
300,
335,
352,
318,
283,
284,
305,
328,
319,
271,
258,
293,
304,
273,
267,
269,
253,
280,
333,
312,
253,
231,
237,
241,
266,
310,
323,
322,
352,
378,
340,
267,
278,
354,
352,
266,
206,
222,
260,
300,
312,
308,
304,
301,
291,
305,
330,
291,
233,
261,
327,
319,
278,
292,
317,
302,
268,
239,
210,
196,
194,
204,
222,
211,
183,
176,
209,
249,
262,
261,
249,
213,
193,
227,
266,
250,
199,
176,
175,
173,
162,
159,
162,
171,
177,
179,
172,
158,
150,
166,
192,
183,
145,
147,
191,
221,
186,
145,
157,
203,
216,
188,
164,
143,
111,
115,
188,
247,
206,
125,
104,
101,
77,
107,
197,
236,
214,
218,
238,
189,
113,
112,
173,
207,
184,
168,
200,
229,
183,
112,
116,
167,
176,
157,
155,
152,
148,
165,
202,
232,
216,
163,
160,
207,
219,
214,
247,
242,
136,
30,
28,
91,
104,
48,
17,
43,
57,
28,
50,
97,
77,
42,
74,
100,
54,
26,
72,
104,
63,
5,
-14,
-9,
3,
31,
51,
27,
-17,
-15,
29,
86,
126,
141,
152,
168,
165,
140,
115,
129,
144,
124,
95,
87,
72,
27,
-28,
-48,
-47,
-52,
-83,
-114,
-123,
-116,
-99,
-85,
-100,
-115,
-105,
-77,
-108,
-176,
-184,
-136,
-102,
-102,
-102,
-100,
-125,
-148,
-149,
-153,
-171,
-175,
-176,
-199,
-211,
-187,
-157,
-149,
-166,
-192,
-237,
-273,
-257,
-207,
-205,
-261,
-324,
-333,
-320,
-316,
-336,
-361,
-378,
-400,
-395,
-364,
-347,
-350,
-335,
-323,
-359,
-390,
-373,
-330,
-300,
-301,
-339,
-403,
-432,
-422,
-420,
-419,
-403,
-400,
-419,
-452,
-484,
-502,
-485,
-439,
-435,
-496,
-571,
-599,
-556,
-512,
-508,
-515,
-516,
-528,
-585,
-617,
-591,
-547,
-556,
-581,
-565,
-545,
-546,
-553,
-552,
-556,
-563,
-586,
-622,
-645,
-639,
-633,
-620,
-595,
-607,
-666,
-711,
-681,
-631,
-627,
-652,
-672,
-693,
-680,
-645,
-634,
-658,
-684,
-688,
-682,
-698,
-735,
-735,
-674,
-661,
-747,
-820,
-811,
-772,
-730,
-658,
-616,
-646,
-693,
-702,
-673,
-621,
-588,
-585,
-588,
-603,
-634,
-638,
-607,
-595,
-628,
-680,
-718,
-734,
-714,
-671,
-644,
-675,
-725,
-743,
-727,
-682,
-633,
-586,
-557,
-563,
-595,
-612,
-591,
-596,
-647,
-682,
-663,
-617,
-580,
-596,
-663,
-710,
-675,
-608,
-568,
-596,
-650,
-641,
-593,
-596,
-614,
-567,
-538,
-573,
-575,
-509,
-481,
-539,
-582,
-564,
-544,
-570,
-577,
-540,
-514,
-512,
-494,
-465,
-475,
-518,
-537,
-537,
-553,
-548,
-486,
-406,
-366,
-365,
-362,
-347,
-333,
-336,
-369,
-423,
-463,
-456,
-406,
-380,
-394,
-429,
-466,
-476,
-442,
-370,
-313,
-305,
-339,
-363,
-368,
-361,
-330,
-294,
-311,
-341,
-322,
-263,
-225,
-229,
-233,
-239,
-271,
-286,
-236,
-172,
-157,
-189,
-180,
-118,
-71,
-64,
-52,
-31,
-93,
-207,
-242,
-161,
-73,
-50,
-61,
-57,
-60,
-77,
-61,
-1,
88,
130,
55,
-60,
-108,
-110,
-94,
-2,
128,
200,
191,
97,
-2,
31,
153,
214,
215,
248,
263,
208,
162,
169,
158,
126,
144,
203,
217,
225,
263,
221,
101,
72,
191,
331,
331,
260,
332,
474,
447,
288,
268,
410,
457,
370,
351,
433,
453,
377,
366,
456,
503,
460,
430,
492,
491,
398,
482,
788,
895,
713,
604,
638,
601,
570,
668,
773,
781,
653,
545,
627,
739,
670,
607,
854,
1165,
996,
562,
498,
765,
899,
851,
819,
881,
1000,
849,
461,
450,
687,
618,
516,
655,
711,
668,
763,
868,
829,
744,
755,
889,
950,
801,
732,
930,
1068,
947,
893,
998,
944,
713,
672,
942,
1131,
952,
680,
790,
1134,
1130,
823,
762,
986,
1068,
874,
720,
813,
903,
829,
830,
947,
882,
687,
772,
1088,
1149,
928,
859,
996,
979,
822,
853,
1054,
1096,
983,
973,
1039,
951,
806,
871,
1036,
950,
672,
640,
925,
1133,
1068,
926,
890,
937,
971,
938,
895,
905,
945,
963,
989,
1011,
1014,
988,
927,
849,
806,
813,
838,
823,
781,
760,
737,
689,
700,
809,
898,
859,
737,
640,
664,
808,
938,
922,
806,
736,
779,
851,
852,
795,
734,
648,
560,
570,
655,
701,
717,
723,
680,
616,
590,
595,
638,
681,
584,
381,
310,
443,
602,
606,
447,
283,
288,
425,
468,
429,
471,
537,
469,
380,
413,
485,
525,
569,
579,
506,
409,
349,
337,
384,
411,
346,
301,
350,
361,
293,
264,
269,
236,
238,
292,
263,
172,
148,
197,
260,
268,
182,
105,
157,
222,
170,
111,
149,
188,
198,
213,
186,
89,
45,
78,
81,
43,
38,
68,
106,
107,
48,
-19,
-29,
-60,
-100,
5,
188,
185,
33,
1,
53,
41,
31,
52,
1,
-39,
-5,
-2,
-40,
-11,
-11,
-100,
-124,
-70,
-97,
-163,
-143,
-124,
-168,
-156,
-112,
-148,
-185,
-155,
-138,
-134,
-82,
-44,
-72,
-126,
-199,
-245,
-218,
-205,
-251,
-260,
-219,
-240,
-312,
-306,
-245,
-257,
-335,
-386,
-429,
-471,
-416,
-307,
-307,
-370,
-360,
-302,
-289,
-325,
-383,
-408,
-386,
-386,
-428,
-434,
-441,
-519,
-552,
-477,
-467,
-604,
-691,
-611,
-537,
-536,
-494,
-447,
-470,
-477,
-405,
-371,
-452,
-524,
-481,
-420,
-427,
-450,
-442,
-478,
-563,
-609,
-591,
-625,
-719,
-738,
-639,
-564,
-610,
-661,
-610,
-553,
-565,
-594,
-602,
-632,
-674,
-644,
-559,
-540,
-599,
-597,
-537,
-557,
-670,
-696,
-608,
-556,
-622,
-697,
-667,
-575,
-509,
-490,
-508,
-566,
-636,
-641,
-598,
-629,
-700,
-658,
-543,
-506,
-563,
-638,
-700,
-691,
-610,
-580,
-623,
-640,
-580,
-514,
-513,
-568,
-639,
-657,
-592,
-535,
-558,
-576,
-522,
-469,
-478,
-527,
-605,
-673,
-643,
-569,
-540,
-582,
-645,
-675,
-609,
-520,
-543,
-616,
-604,
-591,
-625,
-601,
-518,
-509,
-568,
-559,
-519,
-584,
-693,
-687,
-608,
-647,
-760,
-765,
-684,
-644,
-627,
-600,
-613,
-656,
-657,
-599,
-529,
-484,
-485,
-494,
-496,
-533,
-597,
-627,
-615,
-619,
-672,
-728,
-731,
-679,
-599,
-494,
-444,
-506,
-610,
-656,
-660,
-659,
-632,
-594,
-579,
-598,
-637,
-675,
-689,
-672,
-633,
-645,
-720,
-790,
-786,
-713,
-628,
-593,
-598,
-589,
-579,
-604,
-661,
-686,
-667,
-653,
-653,
-664,
-707,
-770,
-765,
-702,
-693,
-719,
-693,
-638,
-597,
-556,
-555,
-631,
-692,
-650,
-607,
-644,
-680,
-653,
-613,
-593,
-582,
-602,
-660,
-663,
-581,
-537,
-604,
-656,
-595,
-498,
-467,
-513,
-588,
-620,
-584,
-544,
-550,
-564,
-556,
-529,
-486,
-475,
-508,
-508,
-441,
-389,
-404,
-420,
-388,
-356,
-355,
-363,
-385,
-385,
-284,
-148,
-156,
-266,
-334,
-343,
-298,
-234,
-239,
-290,
-285,
-234,
-201,
-176,
-182,
-215,
-197,
-146,
-161,
-226,
-225,
-164,
-110,
-78,
-41,
-22,
-30,
-55,
-75,
-65,
-65,
-88,
-53,
36,
54,
-5,
-33,
-33,
-46,
-49,
-41,
-76,
-147,
-135,
4,
101,
42,
-47,
-30,
4,
-33,
-78,
-46,
30,
65,
54,
79,
115,
106,
91,
156,
237,
227,
153,
115,
132,
137,
130,
165,
226,
254,
240,
232,
217,
164,
160,
236,
271,
214,
174,
233,
314,
327,
295,
293,
336,
369,
358,
332,
324,
359,
409,
411,
414,
454,
463,
446,
451,
505,
591,
616,
569,
553,
596,
604,
579,
612,
686,
720,
667,
573,
573,
676,
759,
731,
661,
664,
719,
772,
828,
871,
824,
738,
732,
787,
804,
810,
831,
863,
876,
870,
861,
864,
876,
914,
965,
975,
963,
985,
1012,
997,
978,
994,
994,
974,
1012,
1052,
1024,
980,
980,
1012,
1040,
1039,
995,
958,
979,
1004,
1008,
1033,
1056,
1065,
1045,
1011,
982,
971,
966,
993,
1054,
1090,
1041,
969,
966,
1009,
998,
971,
1001,
1034,
1000,
989,
1024,
1012,
971,
969,
985,
996,
1013,
1023,
1042,
1072,
1084,
1058,
1009,
977,
973,
979,
989,
1027,
1072,
1084,
1067,
1025,
936,
870,
885,
936,
994,
1011,
981,
947,
953,
964,
964,
961,
942,
911,
913,
918,
879,
836,
830,
872,
905,
897,
860,
785,
717,
743,
811,
825,
797,
791,
801,
807,
834,
848,
810,
777,
779,
794,
783,
744,
701,
675,
689,
719,
721,
663,
577,
521,
519,
565,
601,
556,
490,
485,
513,
507,
515,
557,
567,
532,
514,
516,
484,
425,
402,
393,
327,
254,
280,
371,
428,
423,
402,
385,
345,
310,
318,
363,
345,
249,
191,
234,
285,
268,
240,
250,
244,
180,
111,
114,
151,
137,
81,
73,
117,
139,
115,
90,
64,
28,
33,
88,
86,
12,
-26,
5,
47,
65,
52,
33,
39,
60,
40,
2,
7,
8,
-36,
-48,
1,
14,
-25,
-34,
-36,
-90,
-149,
-156,
-151,
-168,
-178,
-179,
-156,
-85,
-48,
-129,
-248,
-276,
-245,
-257,
-262,
-221,
-210,
-250,
-285,
-284,
-258,
-277,
-331,
-352,
-339,
-342,
-326,
-275,
-282,
-364,
-416,
-398,
-364,
-374,
-402,
-406,
-399,
-399,
-370,
-353,
-385,
-416,
-422,
-461,
-544,
-575,
-503,
-406,
-389,
-464,
-562,
-576,
-488,
-440,
-527,
-616,
-604,
-570,
-566,
-546,
-523,
-518,
-506,
-476,
-506,
-596,
-649,
-613,
-585,
-630,
-675,
-687,
-662,
-605,
-548,
-562,
-626,
-665,
-720,
-763,
-735,
-681,
-638,
-577,
-530,
-563,
-673,
-718,
-647,
-592,
-627,
-666,
-644,
-620,
-595,
-531,
-518,
-619,
-719,
-705,
-635,
-610,
-632,
-666,
-685,
-666,
-614,
-560,
-547,
-601,
-651,
-606,
-526,
-535,
-575,
-541,
-514,
-575,
-651,
-674,
-664,
-625,
-586,
-579,
-614,
-626,
-571,
-491,
-475,
-526,
-586,
-605,
-582,
-559,
-561,
-597,
-603,
-554,
-505,
-522,
-587,
-640,
-639,
-612,
-586,
-596,
-628,
-633,
-581,
-499,
-471,
-497,
-510,
-513,
-492,
-450,
-428,
-459,
-483,
-458,
-451,
-474,
-452,
-387,
-368,
-406,
-444,
-471,
-484,
-446,
-409,
-440,
-485,
-499,
-495,
-451,
-397,
-416,
-494,
-525,
-525,
-533,
-509,
-464,
-456,
-444,
-414,
-427,
-484,
-472,
-391,
-360,
-401,
-442,
-464,
-467,
-415,
-356,
-355,
-413,
-465,
-453,
-406,
-425,
-498,
-509,
-460,
-446,
-455,
-452,
-476,
-530,
-525,
-458,
-410,
-427,
-466,
-441,
-402,
-429,
-491,
-501,
-429,
-384,
-409,
-445,
-455,
-455,
-450,
-427,
-405,
-419,
-433,
-423,
-376,
-334,
-351,
-387,
-380,
-375,
-405,
-412,
-344,
-287,
-340,
-408,
-422,
-426,
-435,
-426,
-397,
-396,
-381,
-318,
-288,
-331,
-384,
-384,
-340,
-332,
-376,
-427,
-448,
-413,
-383,
-392,
-420,
-435,
-445,
-456,
-443,
-427,
-442,
-462,
-440,
-389,
-362,
-362,
-347,
-340,
-378,
-423,
-423,
-371,
-323,
-304,
-324,
-352,
-388,
-395,
-323,
-267,
-302,
-360,
-358,
-359,
-402,
-385,
-292,
-267,
-364,
-452,
-418,
-313,
-240,
-211,
-250,
-325,
-362,
-315,
-250,
-238,
-250,
-230,
-204,
-226,
-264,
-300,
-310,
-282,
-251,
-264,
-313,
-345,
-343,
-315,
-264,
-212,
-207,
-226,
-225,
-201,
-171,
-142,
-109,
-96,
-135,
-195,
-226,
-188,
-120,
-74,
-79,
-142,
-200,
-197,
-164,
-150,
-154,
-184,
-202,
-146,
-97,
-90,
-89,
-93,
-131,
-144,
-86,
-35,
-37,
-35,
-38,
-46,
-28,
-19,
-44,
-76,
-43,
13,
37,
53,
57,
40,
35,
57,
68,
58,
86,
149,
138,
59,
23,
72,
131,
145,
109,
71,
97,
173,
191,
157,
124,
86,
63,
100,
188,
272,
294,
247,
202,
211,
216,
234,
283,
319,
316,
321,
345,
334,
296,
281,
318,
352,
305,
244,
272,
354,
387,
354,
339,
355,
347,
341,
380,
407,
367,
355,
427,
469,
405,
326,
323,
397,
457,
458,
435,
414,
408,
435,
495,
521,
502,
513,
543,
526,
458,
414,
444,
500,
504,
474,
468,
519,
575,
591,
565,
496,
434,
472,
575,
611,
577,
567,
589,
559,
512,
515,
529,
518,
504,
506,
532,
558,
589,
608,
621,
623,
577,
532,
553,
588,
593,
599,
618,
609,
566,
542,
527,
503,
506,
549,
569,
526,
472,
497,
569,
578,
500,
442,
475,
515,
513,
505,
503,
522,
537,
527,
510,
511,
504,
493,
504,
533,
576,
648,
692,
633,
538,
499,
524,
555,
552,
509,
465,
468,
471,
429,
412,
409,
397,
407,
468,
481,
421,
393,
445,
497,
450,
337,
304,
357,
405,
390,
352,
334,
328,
313,
314,
340,
340,
313,
313,
344,
341,
318,
361,
429,
404,
304,
251,
244,
228,
195,
174,
167,
189,
186,
145,
148,
188,
202,
213,
247,
260,
234,
216,
218,
227,
234,
256,
279,
269,
237,
206,
149,
110,
142,
177,
145,
139,
212,
210,
45,
-73,
-7,
138,
216,
190,
66,
-39,
-13,
70,
116,
142,
154,
83,
-2,
-1,
32,
30,
24,
25,
20,
13,
34,
125,
250,
229,
-5,
-166,
-21,
205,
214,
40,
-79,
-51,
49,
134,
144,
34,
-147,
-202,
-89,
-7,
-33,
17,
174,
155,
-77,
-129,
120,
277,
121,
-63,
-15,
93,
73,
24,
64,
90,
2,
-86,
-64,
-64,
-166,
-192,
-67,
-1,
-63,
-74,
-14,
-27,
-95,
-62,
50,
85,
-10,
-96,
-61,
-12,
-31,
-2,
114,
95,
-116,
-197,
-45,
59,
45,
136,
269,
135,
-175,
-251,
-60,
85,
67,
13,
-17,
-55,
-72,
-24,
18,
-12,
-39,
76,
228,
114,
-179,
-202,
82,
226,
106,
50,
108,
48,
-77,
-62,
40,
66,
74,
144,
170,
4,
-222,
-213,
15,
173,
156,
132,
117,
15,
-100,
-128,
-45,
111,
221,
160,
-27,
-169,
-165,
-15,
157,
191,
103,
32,
22,
-13,
-41,
7,
59,
52,
42,
67,
67,
-30,
-151,
-128,
53,
166,
46,
-144,
-121,
57,
98,
-15,
-31,
75,
89,
-23,
-97,
-100,
-161,
-223,
-115,
37,
-36,
-226,
-223,
-127,
-154,
-166,
-57,
-38,
-192,
-242,
-94,
14,
-6,
0,
41,
-32,
-222,
-312,
-232,
-120,
-56,
6,
-2,
-183,
-391,
-365,
-178,
-100,
-155,
-238,
-307,
-326,
-276,
-204,
-126,
-54,
-89,
-210,
-298,
-320,
-310,
-216,
-54,
41,
-13,
-170,
-278,
-274,
-226,
-158,
-73,
-24,
-79,
-223,
-334,
-262,
-57,
59,
-4,
-87,
-116,
-126,
-119,
-58,
3,
-9,
-72,
-122,
-139,
-107,
-51,
-66,
-135,
-121,
-75,
-109,
-126,
-53,
-10,
-46,
-46,
19,
75,
58,
-21,
-69,
-10,
54,
49,
67,
110,
37,
-117,
-135,
-10,
70,
43,
-10,
-22,
-37,
-72,
-94,
-65,
-3,
14,
-49,
-138,
-167,
-137,
-80,
12,
100,
70,
-76,
-146,
-87,
-42,
-102,
-146,
-106,
-86,
-137,
-154,
-94,
-48,
-57,
-40,
-3,
-65,
-190,
-187,
-35,
49,
-42,
-149,
-156,
-150,
-180,
-208,
-201,
-190,
-214,
-261,
-290,
-272,
-251,
-268,
-254,
-196,
-181,
-220,
-239,
-221,
-203,
-205,
-231,
-240,
-242,
-288,
-351,
-352,
-321,
-319,
-345,
-371,
-382,
-382,
-394,
-389,
-345,
-309,
-310,
-323,
-350,
-390,
-402,
-356,
-325,
-379,
-457,
-449,
-382,
-372,
-428,
-444,
-402,
-387,
-410,
-415,
-397,
-426,
-497,
-535,
-520,
-516,
-559,
-573,
-510,
-455,
-488,
-527,
-509,
-480,
-501,
-522,
-516,
-500,
-443,
-373,
-406,
-499,
-480,
-383,
-392,
-495,
-552,
-534,
-496,
-479,
-512,
-571,
-590,
-577,
-588,
-588,
-562,
-560,
-581,
-562,
-514,
-508,
-536,
-544,
-528,
-511,
-510,
-517,
-522,
-514,
-477,
-423,
-417,
-484,
-547,
-534,
-494,
-494,
-521,
-498,
-444,
-429,
-456,
-460,
-426,
-370,
-313,
-298,
-346,
-412,
-429,
-407,
-365,
-331,
-370,
-487,
-577,
-530,
-403,
-328,
-350,
-383,
-377,
-366,
-374,
-343,
-271,
-192,
-166,
-229,
-311,
-322,
-284,
-259,
-258,
-300,
-375,
-431,
-417,
-358,
-283,
-230,
-235,
-272,
-287,
-250,
-188,
-136,
-93,
-57,
-77,
-104,
-94,
-68,
-66,
-79,
-138,
-233,
-269,
-201,
-120,
-111,
-145,
-186,
-217,
-212,
-153,
-98,
-112,
-132,
-102,
-101,
-149,
-132,
-31,
38,
49,
55,
35,
-28,
-70,
-46,
-7,
-20,
-66,
-71,
-8,
62,
65,
22,
-7,
-22,
-42,
-35,
-1,
2,
-37,
-19,
82,
135,
116,
120,
149,
111,
56,
92,
158,
165,
152,
160,
191,
229,
258,
234,
167,
134,
131,
142,
178,
210,
187,
155,
198,
289,
326,
298,
284,
296,
280,
220,
193,
255,
323,
337,
343,
347,
269,
157,
140,
204,
247,
262,
290,
335,
345,
330,
333,
379,
389,
339,
319,
362,
362,
295,
270,
313,
353,
376,
407,
395,
341,
299,
294,
326,
374,
388,
376,
391,
411,
394,
404,
440,
444,
412,
382,
346,
330,
361,
388,
372,
343,
337,
362,
410,
431,
390,
345,
360,
406,
396,
323,
275,
287,
312,
345,
386,
375,
300,
262,
282,
281,
242,
219,
256,
327,
357,
312,
271,
266,
265,
262,
253,
233,
224,
247,
267,
251,
197,
171,
211,
245,
201,
156,
172,
217,
234,
226,
199,
205,
259,
273,
225,
210,
196,
154,
193,
262,
227,
176,
192,
217,
241,
273,
260,
233,
232,
238,
288,
320,
276,
282,
305,
282,
264,
231,
244,
250,
146,
141,
280,
271,
212,
280,
241,
163,
252,
209,
154,
341,
355,
237,
352,
421,
281,
246,
317,
277,
227,
272,
288,
275,
295,
304,
247,
172,
243,
351,
272,
187,
208,
221,
218,
250,
265,
239,
261,
352,
331,
216,
218,
332,
372,
328,
327,
348,
320,
342,
388,
344,
303,
382,
421,
356,
342,
375,
344,
301,
335,
369,
355,
379,
350,
218,
231,
346,
299,
245,
339,
375,
282,
229,
303,
414,
445,
325,
234,
340,
417,
373,
367,
346,
304,
415,
551,
417,
134,
140,
355,
311,
163,
231,
307,
257,
231,
262,
238,
237,
333,
344,
260,
238,
234,
222,
199,
233,
323,
299,
188,
158,
204,
228,
190,
166,
139,
123,
185,
204,
109,
69,
197,
285,
145,
-26,
46,
203,
190,
91,
125,
160,
87,
100,
164,
142,
119,
118,
72,
65,
140,
172,
99,
47,
55,
116,
172,
132,
90,
94,
51,
-24,
-13,
62,
46,
32,
129,
100,
-80,
-76,
130,
169,
23,
-15,
76,
120,
81,
25,
65,
157,
129,
22,
22,
93,
69,
22,
76,
89,
-15,
-75,
-32,
-44,
-120,
-121,
-84,
-76,
-60,
-36,
-74,
-131,
-145,
-161,
-117,
5,
28,
-78,
-146,
-87,
-35,
-127,
-203,
-147,
-141,
-245,
-285,
-193,
-176,
-268,
-230,
-138,
-185,
-237,
-227,
-248,
-303,
-275,
-198,
-187,
-206,
-211,
-232,
-259,
-289,
-315,
-317,
-286,
-232,
-241,
-277,
-225,
-191,
-251,
-294,
-252,
-231,
-315,
-346,
-232,
-222,
-331,
-335,
-264,
-317,
-406,
-350,
-273,
-319,
-407,
-421,
-340,
-275,
-284,
-311,
-336,
-339,
-333,
-330,
-305,
-301,
-338,
-363,
-319,
-276,
-314,
-385,
-364,
-286,
-256,
-299,
-310,
-307,
-382,
-399,
-307,
-281,
-341,
-388,
-371,
-310,
-288,
-344,
-412,
-405,
-344,
-328,
-314,
-286,
-270,
-293,
-321,
-299,
-256,
-275,
-329,
-362,
-339,
-294,
-295,
-332,
-325,
-287,
-297,
-363,
-409,
-406,
-388,
-325,
-240,
-253,
-333,
-325,
-247,
-234,
-274,
-268,
-245,
-272,
-316,
-316,
-252,
-197,
-238,
-292,
-253,
-185,
-185,
-221,
-236,
-281,
-308,
-276,
-269,
-279,
-240,
-222,
-256,
-252,
-194,
-171,
-209,
-250,
-270,
-237,
-183,
-220,
-314,
-311,
-211,
-159,
-201,
-252,
-247,
-203,
-185,
-200,
-193,
-157,
-184,
-249,
-272,
-240,
-176,
-147,
-207,
-304,
-335,
-288,
-292,
-338,
-326,
-255,
-248,
-338,
-389,
-336,
-250,
-211,
-245,
-326,
-339,
-256,
-200,
-212,
-200,
-172,
-195,
-242,
-254,
-206,
-195,
-251,
-309,
-319,
-245,
-122,
-85,
-178,
-246,
-212,
-172,
-166,
-143,
-131,
-178,
-218,
-181,
-140,
-174,
-206,
-201,
-230,
-285,
-302,
-274,
-223,
-192,
-174,
-149,
-170,
-259,
-268,
-145,
-48,
-63,
-106,
-112,
-79,
-72,
-115,
-112,
-80,
-109,
-157,
-141,
-87,
-77,
-113,
-103,
-58,
-51,
-95,
-126,
-113,
-102,
-101,
-67,
-34,
-63,
-133,
-149,
-119,
-128,
-136,
-96,
-42,
-1,
41,
73,
44,
-26,
-32,
21,
66,
106,
109,
73,
50,
90,
122,
90,
34,
-13,
-40,
-1,
44,
40,
17,
47,
127,
152,
80,
-22,
-47,
8,
91,
164,
173,
84,
26,
69,
123,
153,
187,
170,
102,
68,
96,
182,
275,
289,
229,
200,
222,
197,
150,
171,
233,
255,
250,
249,
250,
286,
321,
260,
150,
132,
194,
256,
275,
236,
200,
267,
328,
293,
239,
241,
250,
252,
286,
312,
310,
279,
257,
291,
317,
295,
241,
163,
136,
218,
307,
308,
278,
332,
398,
378,
324,
328,
341,
296,
279,
316,
326,
350,
411,
373,
237,
196,
284,
338,
303,
249,
199,
169,
190,
262,
312,
310,
301,
281,
247,
241,
270,
302,
332,
342,
297,
226,
171,
179,
231,
246,
192,
127,
112,
137,
161,
159,
136,
156,
179,
170,
148,
135,
168,
214,
188,
123,
119,
162,
188,
176,
140,
103,
126,
171,
153,
116,
107,
100,
68,
61,
64,
74,
109,
132,
113,
109,
144,
133,
103,
121,
144,
86,
26,
53,
122,
112,
34,
4,
69,
146,
136,
100,
127,
156,
135,
151,
236,
243,
170,
158,
190,
166,
127,
117,
125,
149,
141,
47,
-15,
22,
61,
58,
71,
110,
94,
54,
84,
123,
101,
106,
150,
155,
143,
148,
144,
140,
171,
160,
100,
84,
114,
135,
143,
123,
66,
14,
34,
112,
128,
52,
-15,
16,
102,
149,
113,
43,
20,
65,
105,
71,
37,
50,
65,
78,
92,
54,
-21,
-17,
72,
99,
42,
5,
30,
84,
95,
71,
85,
130,
177,
223,
231,
146,
50,
60,
116,
126,
90,
33,
13,
56,
81,
40,
-4,
51,
146,
135,
55,
43,
114,
185,
214,
182,
151,
178,
197,
154,
106,
86,
82,
139,
232,
259,
230,
199,
172,
135,
104,
119,
159,
189,
210,
217,
209,
213,
240,
286,
315,
277,
177,
125,
155,
163,
149,
167,
197,
212,
198,
161,
109,
65,
99,
202,
236,
206,
226,
239,
180,
138,
202,
284,
260,
176,
128,
137,
178,
194,
144,
123,
178,
199,
131,
113,
168,
191,
196,
196,
149,
80,
81,
161,
219,
189,
140,
140,
150,
135,
125,
151,
174,
155,
163,
241,
291,
231,
205,
293,
340,
274,
232,
248,
221,
158,
135,
163,
197,
202,
186,
187,
177,
164,
186,
234,
232,
174,
164,
223,
236,
163,
103,
126,
180,
200,
176,
146,
149,
147,
107,
104,
151,
163,
124,
104,
91,
70,
90,
136,
154,
144,
104,
39,
28,
86,
99,
38,
5,
29,
25,
9,
38,
97,
107,
53,
-9,
-43,
-19,
61,
129,
136,
79,
-2,
-36,
24,
120,
133,
66,
3,
-30,
-38,
-14,
53,
112,
93,
27,
-48,
-112,
-145,
-115,
-30,
18,
-26,
-80,
-67,
-49,
-70,
-88,
-73,
-25,
6,
-26,
-87,
-96,
-24,
74,
103,
26,
-78,
-67,
-13,
-36,
-73,
-50,
-20,
-46,
-50,
-14,
-6,
-46,
-75,
-55,
-31,
-37,
-78,
-97,
-49,
-6,
-46,
-109,
-133,
-151,
-143,
-106,
-122,
-179,
-171,
-97,
-43,
-55,
-127,
-181,
-168,
-156,
-201,
-207,
-151,
-150,
-229,
-272,
-242,
-225,
-249,
-262,
-234,
-237,
-299,
-351,
-351,
-328,
-294,
-279,
-343,
-428,
-443,
-402,
-352,
-310,
-276,
-281,
-392,
-579,
-648,
-532,
-384,
-363,
-460,
-600,
-730,
-748,
-572,
-347,
-310,
-449,
-596,
-690,
-704,
-576,
-406,
-395,
-542,
-672,
-682,
-601,
-535,
-525,
-549,
-657,
-840,
-931,
-760,
-488,
-387,
-462,
-574,
-648,
-661,
-634,
-586,
-522,
-457,
-459,
-552,
-666,
-705,
-658,
-533,
-385,
-389,
-564,
-683,
-632,
-552,
-525,
-483,
-450,
-478,
-536,
-574,
-571,
-560,
-535,
-471,
-440,
-531,
-646,
-647,
-562,
-500,
-498,
-512,
-531,
-538,
-462,
-350,
-391,
-509,
-490,
-396,
-375,
-391,
-368,
-373,
-429,
-488,
-520,
-497,
-424,
-367,
-398,
-516,
-615,
-611,
-494,
-361,
-304,
-312,
-332,
-362,
-400,
-392,
-322,
-247,
-233,
-236,
-245,
-318,
-410,
-407,
-313,
-264,
-304,
-331,
-289,
-234,
-208,
-195,
-178,
-180,
-181,
-144,
-130,
-190,
-254,
-234,
-157,
-104,
-88,
-53,
5,
-16,
-116,
-176,
-153,
-82,
7,
87,
108,
49,
-55,
-113,
-73,
27,
104,
123,
60,
-36,
-97,
-54,
43,
78,
73,
103,
90,
-7,
-46,
34,
96,
124,
184,
173,
87,
47,
90,
123,
117,
138,
193,
240,
223,
172,
164,
205,
213,
191,
201,
232,
233,
214,
197,
189,
205,
208,
187,
189,
209,
180,
147,
163,
184,
202,
298,
363,
293,
193,
177,
179,
212,
342,
445,
384,
264,
255,
330,
372,
373,
344,
296,
279,
295,
328,
346,
335,
315,
345,
413,
400,
322,
302,
327,
338,
355,
411,
444,
397,
340,
366,
402,
368,
350,
388,
379,
314,
307,
388,
457,
460,
428,
413,
395,
370,
426,
550,
555,
403,
328,
392,
397,
315,
323,
429,
449,
353,
298,
334,
390,
392,
351,
307,
288,
320,
395,
471,
504,
479,
418,
377,
385,
420,
471,
499,
466,
386,
364,
404,
423,
396,
406,
456,
437,
334,
279,
352,
444,
464,
453,
454,
433,
367,
310,
319,
335,
317,
325,
360,
332,
267,
304,
425,
473,
446,
423,
397,
331,
288,
366,
467,
460,
384,
353,
370,
386,
388,
398,
414,
439,
467,
476,
501,
549,
573,
544,
508,
499,
496,
484,
477,
473,
470,
468,
440,
358,
311,
383,
459,
411,
321,
330,
394,
418,
400,
406,
433,
472,
496,
472,
398,
349,
349,
360,
379,
416,
402,
337,
307,
346,
384,
365,
334,
313,
290,
266,
281,
327,
338,
290,
240,
244,
261,
283,
336,
382,
340,
277,
321,
428,
417,
296,
233,
271,
308,
299,
283,
273,
248,
233,
197,
145,
160,
227,
243,
214,
210,
210,
176,
156,
180,
199,
208,
209,
208,
217,
222,
204,
147,
76,
64,
114,
126,
81,
62,
79,
85,
88,
82,
87,
104,
74,
-6,
-36,
-37,
-49,
-43,
-18,
-28,
-49,
-43,
-22,
-24,
-44,
-40,
-25,
-56,
-132,
-162,
-109,
-67,
-112,
-172,
-142,
-126,
-210,
-255,
-165,
-56,
-45,
-104,
-154,
-186,
-197,
-173,
-99,
-35,
-42,
-85,
-122,
-134,
-124,
-100,
-93,
-97,
-99,
-78,
-25,
28,
31,
8,
24,
12,
-72,
-102,
-26,
18,
-45,
-107,
-127,
-115,
-86,
-97,
-140,
-156,
-147,
-140,
-104,
-42,
-38,
-53,
-19,
-30,
-103,
-120,
-69,
-27,
-6,
8,
-17,
-85,
-120,
-117,
-97,
-53,
-34,
-55,
-19,
81,
88,
8,
11,
93,
112,
45,
-41,
-78,
-26,
17,
-6,
-33,
-63,
-129,
-149,
-72,
-24,
-61,
-97,
-111,
-113,
-108,
-124,
-126,
-61,
-35,
-139,
-247,
-208,
-144,
-120,
-46,
-13,
-134,
-241,
-141,
-5,
-32,
-145,
-191,
-155,
-116,
-119,
-114,
-80,
-57,
-72,
-106,
-151,
-217,
-242,
-163,
-37,
-17,
-118,
-201,
-217,
-214,
-161,
-82,
-110,
-227,
-268,
-253,
-253,
-231,
-194,
-197,
-201,
-177,
-196,
-271,
-257,
-137,
-88,
-152,
-182,
-114,
13,
72,
-54,
-227,
-236,
-228,
-372,
-515,
-543,
-558,
-634,
-688,
-598,
-486,
-601,
-745,
-598,
-411,
-423,
-408,
-277,
-269,
-397,
-398,
-284,
-295,
-437,
-489,
-453,
-479,
-490,
-423,
-414,
-477,
-536,
-590,
-526,
-348,
-300,
-370,
-368,
-386,
-536,
-612,
-512,
-408,
-454,
-605,
-726,
-733,
-664,
-572,
-527,
-569,
-631,
-629,
-607,
-587,
-495,
-389,
-351,
-390,
-498,
-610,
-613,
-522,
-463,
-461,
-490,
-552,
-604,
-589,
-533,
-514,
-535,
-548,
-484,
-371,
-346,
-459,
-579,
-544,
-415,
-383,
-476,
-525,
-505,
-486,
-476,
-489,
-549,
-602,
-572,
-507,
-496,
-560,
-644,
-634,
-535,
-476,
-515,
-548,
-517,
-522,
-604,
-634,
-569,
-515,
-484,
-430,
-420,
-473,
-485,
-394,
-277,
-306,
-488,
-602,
-509,
-338,
-320,
-420,
-448,
-394,
-362,
-386,
-440,
-488,
-508,
-512,
-530,
-542,
-519,
-520,
-523,
-528,
-579,
-619,
-586,
-557,
-531,
-475,
-437,
-437,
-388,
-268,
-149,
-147,
-284,
-303,
-120,
-60,
-248,
-346,
-266,
-218,
-212,
-192,
-256,
-404,
-440,
-349,
-290,
-320,
-353,
-320,
-243,
-177,
-121,
-63,
4,
35,
-43,
-131,
-39,
63,
-39,
-61,
79,
-24,
-216,
-172,
-48,
44,
43,
-140,
-294,
-197,
-79,
-35,
34,
-8,
-7,
57,
-8,
122,
273,
166,
199,
659,
1970,
3200,
2447,
535,
-646,
-845,
-133,
674,
485,
289,
613,
19,
-1004,
-852,
-277,
-241,
-518,
-1413,
-2425,
-1673,
305,
1126,
802,
840,
1188,
742,
-88,
-64,
628,
1288,
1240,
384,
209,
882,
1082,
921,
792,
525,
310,
138,
-190,
-47,
1045,
1735,
945,
48,
246,
880,
1264,
1324,
935,
312,
284,
803,
595,
-481,
-722,
535,
1211,
109,
-502,
513,
790,
-470,
-366,
2089,
2939,
99,
-2049,
-553,
676,
-194,
40,
875,
43,
-213,
775,
529,
383,
2195,
2597,
128,
-880,
879,
1903,
1418,
1100,
717,
182,
651,
1459,
1360,
670,
-41,
128,
1425,
1784,
355,
-261,
734,
1303,
1146,
1040,
1787,
2690,
314,
-4580,
-5315,
117,
4702,
3008,
-254,
820,
2687,
1029,
-593,
435,
456,
-510,
1332,
3624,
2510,
369,
265,
832,
648,
1005,
1498,
-184,
-1864,
27,
1841,
-211,
-1856,
248,
2683,
2527,
593,
-1196,
-994,
819,
1219,
-232,
-597,
459,
893,
399,
-264,
-539,
167,
1536,
1777,
233,
-857,
108,
1341,
1023,
62,
-33,
766,
1384,
785,
-606,
-1058,
-156,
509,
316,
276,
430,
135,
99,
722,
616,
-437,
-489,
492,
388,
-403,
-288,
-136,
-375,
242,
799,
-108,
-780,
68,
524,
-353,
-714,
-93,
-75,
-397,
60,
548,
381,
46,
-219,
-631,
-837,
-476,
-22,
478,
815,
173,
-527,
-168,
306,
262,
75,
-232,
-296,
523,
882,
-782,
-2058,
-586,
953,
17,
-1456,
-1269,
-461,
-351,
-254,
339,
770,
537,
-217,
-612,
-102,
392,
148,
-75,
181,
218,
-165,
-302,
-62,
-49,
-577,
-1136,
-707,
507,
665,
-477,
-762,
233,
346,
-839,
-1194,
-79,
735,
154,
-801,
-608,
188,
60,
-355,
316,
901,
-145,
-1210,
-459,
537,
110,
-533,
-89,
531,
95,
-772,
-723,
157,
580,
143,
-127,
-94,
-584,
-890,
-47,
744,
224,
-541,
-248,
298,
158,
0,
233,
266,
-135,
-518,
-564,
-354,
-222,
-245,
39,
537,
430,
-132,
-163,
53,
-393,
-849,
-380,
235,
48,
-331,
-92,
314,
296,
55,
-225,
-499,
-680,
-707,
-285,
387,
370,
-304,
-350,
326,
336,
-209,
-19,
149,
-845,
-1516,
-566,
404,
159,
-100,
182,
56,
-519,
-872,
-748,
-120,
465,
232,
-404,
-323,
280,
378,
106,
-103,
-330,
-389,
-237,
-144,
129,
669,
551,
-515,
-1143,
-513,
307,
530,
509,
197,
-504,
-723,
-117,
314,
153,
102,
177,
-146,
-352,
-4,
73,
-410,
-538,
-71,
141,
-222,
-624,
-754,
-447,
218,
448,
113,
-16,
99,
-52,
-306,
-250,
12,
274,
269,
-160,
-245,
252,
167,
-514,
-480,
50,
-84,
-386,
-137,
-219,
-764,
-476,
422,
420,
-206,
-264,
-65,
-300,
-693,
-674,
-60,
571,
575,
176,
-148,
-377,
-571,
-495,
-29,
328,
-13,
-592,
-533,
-146,
-105,
-93,
42,
-148,
-472,
-423,
-66,
198,
208,
11,
-254,
-351,
-178,
31,
36,
-193,
-573,
-743,
-473,
-326,
-678,
-767,
-252,
0,
-333,
-575,
-577,
-634,
-474,
-59,
52,
-179,
-334,
-334,
-256,
-135,
-96,
-191,
-345,
-625,
-891,
-752,
-315,
-34,
54,
-24,
-499,
-922,
-607,
-27,
-48,
-337,
-231,
-80,
-184,
-167,
-130,
-541,
-1101,
-1036,
-412,
25,
-22,
-253,
-245,
-37,
-152,
-555,
-596,
-254,
-243,
-651,
-916,
-911,
-651,
-86,
260,
17,
-217,
-188,
-474,
-1030,
-1225,
-990,
-365,
478,
595,
-165,
-491,
-121,
-234,
-701,
-553,
-227,
-385,
-487,
-143,
76,
-110,
-274,
-93,
165,
-13,
-542,
-643,
-152,
134,
-76,
-204,
-108,
-29,
141,
231,
-212,
-794,
-745,
-309,
-114,
-79,
104,
121,
-288,
-580,
-411,
-180,
-245,
-461,
-540,
-493,
-363,
-103,
108,
99,
-123,
-287,
-59,
216,
95,
-181,
-191,
87,
333,
295,
22,
-200,
-224,
-213,
-230,
-184,
-175,
-263,
-306,
-165,
94,
96,
-290,
-543,
-354,
-178,
-291,
-401,
-197,
176,
305,
104,
-95,
-128,
-192,
-299,
-308,
-243,
-202,
-191,
-47,
104,
-74,
-224,
171,
479,
30,
-506,
-454,
-210,
-56,
166,
241,
-1,
-102,
121,
136,
-179,
-282,
-89,
0,
-108,
-167,
-39,
104,
-23,
-259,
-166,
70,
8,
-106,
-57,
-161,
-381,
-247,
134,
340,
388,
282,
-40,
-261,
-293,
-400,
-416,
-38,
364,
293,
18,
85,
414,
517,
446,
438,
267,
-52,
-85,
110,
106,
-19,
42,
329,
645,
608,
119,
-170,
29,
145,
-12,
65,
290,
94,
-297,
-284,
26,
234,
253,
226,
161,
102,
231,
368,
183,
-122,
-3,
425,
456,
167,
238,
522,
451,
226,
272,
378,
234,
77,
89,
-2,
-129,
23,
276,
395,
435,
477,
557,
531,
302,
115,
185,
283,
267,
306,
310,
154,
105,
231,
360,
453,
511,
363,
46,
13,
360,
521,
384,
429,
556,
291,
-93,
-107,
95,
204,
199,
217,
257,
318,
345,
200,
43,
210,
480,
347,
90,
373,
789,
572,
164,
193,
259,
32,
31,
442,
670,
401,
26,
65,
401,
480,
361,
364,
273,
44,
48,
215,
161,
69,
327,
652,
548,
218,
115,
196,
159,
-20,
-116,
94,
509,
596,
311,
346,
577,
317,
13,
320,
630,
304,
-72,
137,
481,
429,
267,
404,
630,
621,
508,
469,
383,
210,
202,
321,
142,
-243,
-121,
561,
837,
255,
-242,
117,
624,
527,
257,
314,
331,
123,
173,
512,
573,
283,
123,
348,
534,
236,
-158,
39,
573,
639,
368,
412,
537,
356,
307,
428,
204,
14,
506,
991,
624,
-81,
-282,
39,
497,
711,
488,
143,
100,
222,
207,
153,
231,
388,
559,
701,
665,
387,
50,
56,
491,
704,
185,
-463,
-442,
-18,
131,
53,
185,
422,
380,
266,
413,
566,
430,
261,
393,
596,
418,
-25,
-116,
341,
667,
298,
-190,
-10,
407,
314,
54,
103,
83,
-78,
203,
691,
546,
-69,
-325,
-81,
245,
478,
690,
697,
333,
12,
116,
291,
100,
-99,
258,
772,
687,
134,
-128,
231,
576,
349,
1,
32,
200,
154,
103,
344,
569,
395,
113,
103,
138,
-23,
42,
523,
822,
604,
214,
-1,
57,
246,
323,
263,
99,
-89,
-12,
319,
500,
476,
482,
337,
-140,
-444,
-110,
446,
523,
142,
-30,
187,
336,
168,
-74,
-22,
311,
489,
260,
-30,
-175,
-229,
-27,
311,
253,
-96,
-111,
121,
-24,
-483,
-601,
-175,
257,
219,
-42,
-48,
72,
16,
-81,
-25,
-21,
-145,
10,
461,
552,
-72,
-710,
-425,
346,
386,
-217,
-376,
-92,
-84,
-176,
-9,
63,
-77,
-110,
-136,
-396,
-559,
-271,
172,
250,
-87,
-393,
-489,
-524,
-445,
-230,
-122,
-300,
-543,
-453,
-104,
65,
-78,
-169,
-142,
-290,
-499,
-436,
-196,
-126,
-219,
-118,
78,
-82,
-432,
-405,
-129,
-83,
-243,
-399,
-601,
-826,
-760,
-286,
91,
-122,
-498,
-428,
-306,
-605,
-747,
-398,
-206,
-460,
-627,
-435,
-221,
-207,
-212,
-185,
-292,
-474,
-514,
-420,
-360,
-399,
-519,
-622,
-547,
-324,
-154,
-151,
-291,
-493,
-669,
-649,
-384,
-171,
-164,
-136,
-56,
-177,
-387,
-404,
-399,
-551,
-583,
-371,
-252,
-419,
-584,
-451,
-112,
4,
-288,
-433,
-116,
57,
-227,
-499,
-497,
-352,
-120,
1,
-282,
-722,
-823,
-551,
-241,
-220,
-432,
-467,
-205,
-89,
-310,
-338,
-126,
-284,
-688,
-659,
-341,
-318,
-414,
-271,
-210,
-429,
-615,
-523,
-225,
-45,
-227,
-567,
-652,
-389,
-72,
52,
-6,
-132,
-244,
-332,
-431,
-495,
-461,
-376,
-280,
-298,
-541,
-776,
-663,
-345,
-285,
-382,
-208,
-75,
-361,
-516,
-147,
25,
-515,
-883,
-395,
94,
-164,
-607,
-576,
-316,
-222,
-206,
-267,
-432,
-345,
28,
76,
-394,
-697,
-412,
-24,
-89,
-456,
-576,
-370,
-266,
-237,
-32,
-8,
-307,
-358,
-103,
-91,
-327,
-382,
-194,
46,
120,
-60,
-254,
-350,
-535,
-652,
-403,
-49,
-45,
-204,
-205,
-260,
-417,
-326,
-55,
-63,
-251,
-177,
4,
-59,
-161,
-27,
141,
-34,
-454,
-574,
-197,
136,
26,
-96,
41,
-53,
-417,
-378,
25,
74,
-203,
-191,
128,
164,
-239,
-441,
-122,
127,
-110,
-336,
-169,
19,
16,
52,
143,
71,
-153,
-263,
-135,
18,
75,
124,
157,
46,
-99,
-64,
23,
18,
35,
145,
195,
62,
-15,
134,
282,
193,
-67,
-235,
-85,
323,
562,
348,
-31,
-163,
-51,
63,
58,
129,
282,
267,
216,
447,
570,
227,
-18,
167,
229,
-38,
-177,
-54,
102,
252,
335,
224,
144,
231,
271,
279,
305,
172,
-49,
2,
339,
572,
582,
585,
576,
377,
46,
-151,
-48,
155,
311,
478,
494,
195,
-169,
-130,
281,
629,
679,
382,
-32,
-129,
78,
299,
508,
675,
626,
386,
143,
31,
238,
573,
464,
21,
-87,
146,
219,
129,
183,
234,
34,
-114,
90,
330,
265,
71,
21,
143,
324,
427,
476,
490,
361,
245,
383,
551,
470,
393,
556,
584,
271,
155,
455,
572,
290,
183,
404,
399,
159,
272,
562,
434,
177,
262,
332,
106,
75,
471,
754,
559,
250,
276,
461,
411,
271,
396,
651,
689,
443,
156,
244,
644,
756,
448,
264,
365,
332,
149,
260,
491,
338,
2,
80,
347,
267,
109,
242,
353,
163,
0,
179,
408,
345,
217,
320,
418,
277,
204,
297,
282,
237,
394,
530,
416,
344,
498,
584,
454,
348,
309,
127,
-156,
-117,
209,
338,
296,
353,
325,
11,
-313,
-246,
135,
401,
254,
-137,
-204,
256,
667,
649,
491,
414,
190,
-23,
149,
382,
277,
129,
224,
366,
317,
106,
-42,
41,
261,
403,
428,
339,
114,
67,
501,
874,
547,
2,
-10,
180,
54,
10,
365,
591,
306,
-95,
-177,
-14,
118,
181,
271,
259,
33,
-150,
7,
272,
218,
69,
287,
535,
243,
-264,
-319,
45,
349,
422,
357,
96,
-300,
-408,
-35,
406,
562,
453,
210,
23,
103,
276,
210,
-2,
-22,
225,
400,
190,
-198,
-346,
-219,
-3,
160,
195,
121,
-58,
-319,
-308,
108,
394,
247,
35,
-32,
-84,
-73,
79,
253,
293,
231,
191,
185,
163,
167,
223,
271,
199,
77,
40,
122,
260,
311,
201,
-26,
-178,
-110,
91,
347,
504,
274,
-136,
-227,
11,
132,
86,
126,
95,
-115,
-156,
102,
331,
241,
18,
47,
199,
71,
-198,
-101,
217,
216,
99,
205,
169,
-107,
-84,
192,
179,
21,
67,
97,
-52,
-91,
-16,
-75,
-43,
201,
232,
-57,
-231,
-108,
25,
30,
-75,
-161,
-81,
-74,
-231,
-177,
46,
-4,
-252,
-198,
53,
-8,
-200,
-90,
70,
-93,
-373,
-357,
-135,
-62,
-130,
-102,
-37,
-200,
-449,
-347,
-29,
-96,
-502,
-568,
-194,
-38,
-252,
-372,
-364,
-512,
-657,
-532,
-293,
-260,
-366,
-358,
-281,
-346,
-548,
-575,
-329,
-170,
-260,
-349,
-292,
-185,
-141,
-235,
-410,
-458,
-394,
-366,
-292,
-259,
-489,
-685,
-446,
-54,
-70,
-456,
-673,
-514,
-260,
-214,
-376,
-526,
-512,
-379,
-233,
-203,
-350,
-525,
-531,
-387,
-368,
-605,
-754,
-512,
-127,
-37,
-181,
-257,
-295,
-370,
-326,
-211,
-272,
-463,
-449,
-274,
-312,
-432,
-333,
-192,
-264,
-445,
-488,
-384,
-329,
-371,
-361,
-221,
-182,
-304,
-264,
-32,
6,
-211,
-342,
-232,
-128,
-211,
-323,
-222,
-16,
-13,
-164,
-205,
-209,
-322,
-386,
-282,
-244,
-345,
-251,
3,
-80,
-392,
-345,
-83,
-122,
-293,
-152,
122,
161,
47,
64,
158,
3,
-249,
-160,
60,
-27,
-197,
-56,
149,
16,
-252,
-318,
-220,
-88,
-38,
-137,
-241,
-214,
-170,
-152,
22,
109,
-144,
-323,
-172,
-114,
-336,
-400,
-100,
90,
-61,
-176,
-107,
-60,
-76,
-15,
98,
115,
-59,
-224,
0,
364,
253,
-78,
-54,
90,
-106,
-385,
-303,
-68,
-9,
22,
140,
84,
-200,
-271,
-55,
-65,
-380,
-482,
-95,
343,
301,
0,
-56,
7,
-125,
-236,
-16,
209,
93,
-75,
3,
131,
10,
-182,
-54,
279,
374,
159,
-138,
-290,
-201,
16,
206,
370,
421,
168,
-209,
-356,
-274,
-78,
237,
439,
225,
-184,
-318,
-152,
46,
150,
218,
285,
249,
75,
-40,
2,
23,
11,
85,
118,
27,
-20,
17,
7,
0,
116,
246,
274,
215,
126,
91,
158,
242,
223,
133,
68,
-14,
-35,
142,
283,
136,
-42,
2,
99,
109,
104,
70,
84,
239,
352,
293,
216,
214,
164,
-43,
-235,
-222,
-10,
259,
382,
243,
59,
38,
100,
112,
55,
-32,
-55,
3,
68,
175,
339,
277,
-24,
-96,
84,
60,
-128,
-97,
123,
244,
270,
271,
179,
85,
142,
213,
144,
12,
-112,
-159,
52,
406,
478,
283,
189,
127,
-103,
-291,
-201,
107,
401,
452,
313,
153,
27,
-79,
-87,
47,
213,
295,
224,
52,
32,
175,
186,
10,
-34,
98,
29,
-193,
-148,
90,
151,
53,
0,
-14,
-131,
-263,
-183,
-27,
-33,
-15,
126,
69,
-96,
34,
179,
-89,
-289,
-50,
96,
-112,
-181,
24,
107,
19,
-36,
-99,
-177,
-174,
-209,
-360,
-374,
-193,
-38,
26,
-60,
-308,
-451,
-326,
-196,
-260,
-309,
-202,
-79,
-47,
-69,
-63,
-18,
-68,
-218,
-303,
-270,
-280,
-280,
-109,
-31,
-319,
-599,
-482,
-300,
-335,
-350,
-265,
-246,
-312,
-387,
-453,
-488,
-487,
-485,
-440,
-407,
-496,
-469,
-158,
39,
-188,
-484,
-446,
-282,
-272,
-300,
-234,
-212,
-249,
-185,
-122,
-301,
-546,
-464,
-245,
-435,
-820,
-699,
-210,
-59,
-276,
-324,
-212,
-230,
-230,
-173,
-275,
-476,
-463,
-303,
-239,
-257,
-246,
-157,
-14,
23,
-157,
-364,
-353,
-196,
-63,
38,
50,
-104,
-248,
-92,
156,
56,
-145,
-36,
116,
-96,
-388,
-231,
169,
324,
205,
59,
-84,
-180,
-44,
196,
315,
472,
718,
658,
133,
-299,
-170,
230,
355,
165,
-15,
-27,
137,
414,
515,
353,
195,
205,
137,
-112,
-141,
197,
427,
388,
484,
692,
579,
288,
202,
214,
201,
257,
303,
263,
329,
533,
660,
608,
522,
513,
472,
306,
171,
183,
307,
367,
356,
398,
521,
588,
471,
307,
272,
296,
280,
221,
207,
264,
289,
248,
248,
316,
344,
458,
728,
726,
330,
106,
273,
439,
446,
588,
754,
572,
256,
219,
392,
506,
475,
408,
401,
386,
270,
189,
388,
676,
653,
453,
389,
418,
403,
363,
387,
457,
478,
379,
204,
153,
357,
585,
560,
374,
299,
394,
490,
464,
326,
214,
326,
567,
710,
721,
615,
428,
293,
297,
369,
391,
390,
404,
449,
545,
574,
466,
380,
362,
259,
135,
170,
255,
231,
258,
405,
411,
224,
118,
183,
265,
294,
365,
496,
534,
438,
378,
385,
368,
309,
311,
351,
349,
391,
468,
404,
257,
217,
265,
263,
210,
187,
318,
599,
687,
405,
193,
343,
433,
229,
86,
164,
263,
331,
403,
421,
341,
168,
3,
29,
196,
206,
77,
79,
216,
329,
348,
276,
209,
224,
172,
-59,
-234,
-119,
88,
169,
231,
313,
331,
279,
223,
225,
245,
215,
179,
197,
210,
194,
270,
399,
307,
86,
63,
150,
63,
-63,
-4,
79,
73,
145,
272,
252,
114,
-2,
-17,
14,
61,
121,
104,
36,
32,
88,
137,
91,
5,
-25,
-78,
-192,
-173,
32,
116,
62,
173,
300,
153,
-66,
-152,
-154,
-107,
-55,
-88,
-156,
-144,
-67,
18,
27,
-130,
-326,
-276,
-13,
70,
-123,
-218,
-98,
-46,
-54,
46,
-11,
-354,
-598,
-471,
-147,
31,
-32,
-145,
-187,
-230,
-313,
-357,
-349,
-348,
-309,
-211,
-170,
-297,
-368,
-172,
-35,
-210,
-375,
-307,
-265,
-392,
-431,
-330,
-304,
-385,
-433,
-438,
-457,
-426,
-297,
-185,
-225,
-407,
-533,
-471,
-382,
-409,
-424,
-375,
-416,
-533,
-469,
-219,
-151,
-396,
-584,
-554,
-540,
-547,
-409,
-275,
-343,
-457,
-385,
-260,
-323,
-492,
-559,
-493,
-486,
-583,
-589,
-438,
-297,
-320,
-440,
-550,
-679,
-797,
-719,
-447,
-306,
-434,
-575,
-514,
-434,
-527,
-685,
-715,
-623,
-543,
-532,
-562,
-669,
-765,
-698,
-545,
-495,
-522,
-443,
-329,
-414,
-645,
-749,
-616,
-394,
-306,
-428,
-576,
-538,
-401,
-368,
-455,
-554,
-630,
-654,
-564,
-434,
-440,
-536,
-561,
-506,
-489,
-546,
-619,
-647,
-583,
-445,
-357,
-423,
-582,
-663,
-642,
-625,
-647,
-637,
-540,
-431,
-427,
-566,
-697,
-606,
-330,
-242,
-435,
-565,
-520,
-529,
-579,
-487,
-368,
-475,
-622,
-533,
-356,
-352,
-443,
-433,
-348,
-376,
-522,
-555,
-392,
-304,
-422,
-457,
-337,
-372,
-557,
-545,
-389,
-455,
-593,
-464,
-331,
-501,
-717,
-647,
-433,
-316,
-273,
-269,
-338,
-418,
-432,
-410,
-385,
-323,
-274,
-338,
-532,
-693,
-670,
-524,
-418,
-364,
-324,
-353,
-474,
-598,
-615,
-500,
-390,
-348,
-250,
-132,
-181,
-356,
-425,
-356,
-284,
-287,
-361,
-469,
-500,
-384,
-224,
-81,
8,
-69,
-266,
-412,
-507,
-596,
-522,
-254,
-84,
-111,
-128,
-124,
-215,
-234,
-89,
-53,
-206,
-255,
-155,
-150,
-191,
-131,
-32,
19,
21,
-78,
-258,
-408,
-424,
-282,
-74,
-9,
-95,
-72,
103,
124,
-24,
-34,
101,
69,
-141,
-217,
-109,
32,
112,
117,
74,
70,
92,
59,
-11,
-3,
29,
1,
54,
194,
184,
41,
27,
157,
182,
48,
-4,
163,
396,
436,
263,
73,
46,
189,
326,
346,
367,
450,
454,
342,
287,
373,
456,
434,
350,
271,
209,
208,
268,
299,
309,
336,
346,
348,
335,
282,
226,
208,
207,
242,
373,
451,
385,
371,
464,
461,
373,
367,
371,
278,
296,
503,
621,
510,
381,
447,
574,
548,
459,
456,
448,
355,
361,
509,
522,
377,
376,
498,
437,
206,
142,
365,
618,
651,
551,
481,
431,
356,
349,
477,
580,
603,
607,
544,
465,
530,
705,
793,
736,
618,
480,
371,
390,
513,
583,
557,
516,
481,
427,
406,
448,
491,
541,
647,
667,
510,
389,
473,
628,
665,
692,
727,
609,
424,
366,
382,
421,
501,
557,
524,
486,
513,
509,
456,
514,
719,
867,
804,
637,
529,
603,
772,
835,
810,
786,
688,
517,
431,
509,
610,
648,
737,
879,
844,
582,
444,
589,
741,
714,
659,
654,
559,
452,
570,
752,
708,
594,
657,
732,
619,
452,
478,
650,
739,
704,
627,
551,
537,
629,
732,
678,
506,
427,
512,
548,
376,
215,
275,
393,
437,
499,
581,
559,
430,
337,
379,
412,
293,
149,
257,
540,
594,
410,
354,
477,
564,
549,
502,
403,
221,
96,
169,
334,
404,
404,
445,
436,
322,
197,
163,
218,
259,
244,
246,
278,
265,
248,
327,
482,
543,
423,
257,
215,
247,
281,
350,
432,
395,
257,
174,
173,
185,
190,
262,
363,
309,
156,
170,
241,
106,
-15,
176,
392,
312,
147,
190,
358,
428,
373,
284,
182,
126,
170,
251,
319,
368,
358,
307,
250,
180,
172,
303,
376,
260,
135,
117,
174,
275,
374,
357,
211,
91,
118,
190,
158,
47,
20,
102,
190,
217,
248,
258,
142,
38,
68,
41,
-98,
-78,
172,
307,
164,
11,
14,
59,
-43,
-225,
-253,
-120,
-54,
-125,
-163,
-72,
-16,
-94,
-178,
-156,
-106,
-140,
-169,
-59,
57,
-6,
-109,
-88,
-78,
-203,
-265,
-128,
4,
-35,
-113,
-115,
-152,
-292,
-312,
-129,
-56,
-279,
-456,
-307,
-125,
-218,
-342,
-256,
-153,
-189,
-283,
-335,
-346,
-319,
-280,
-284,
-331,
-382,
-420,
-369,
-310,
-405,
-556,
-503,
-367,
-421,
-507,
-433,
-416,
-505,
-440,
-245,
-230,
-379,
-473,
-487,
-499,
-513,
-544,
-584,
-567,
-511,
-587,
-690,
-621,
-477,
-487,
-571,
-577,
-561,
-590,
-586,
-553,
-537,
-490,
-376,
-316,
-444,
-707,
-817,
-670,
-544,
-610,
-646,
-573,
-581,
-682,
-712,
-676,
-666,
-656,
-622,
-590,
-593,
-660,
-733,
-647,
-477,
-510,
-721,
-797,
-661,
-540,
-551,
-600,
-623,
-666,
-733,
-714,
-618,
-629,
-714,
-692,
-618,
-657,
-737,
-679,
-545,
-566,
-683,
-711,
-684,
-715,
-770,
-732,
-656,
-704,
-776,
-678,
-534,
-631,
-876,
-922,
-748,
-626,
-662,
-777,
-805,
-683,
-519,
-480,
-586,
-685,
-684,
-659,
-702,
-766,
-736,
-585,
-432,
-383,
-458,
-606,
-786,
-903,
-813,
-560,
-442,
-549,
-614,
-565,
-576,
-630,
-607,
-552,
-568,
-655,
-683,
-606,
-543,
-573,
-615,
-578,
-528,
-551,
-582,
-591,
-661,
-735,
-617,
-407,
-376,
-456,
-445,
-444,
-604,
-723,
-548,
-262,
-238,
-416,
-488,
-444,
-463,
-524,
-526,
-495,
-481,
-470,
-442,
-399,
-428,
-474,
-383,
-285,
-399,
-601,
-621,
-486,
-390,
-343,
-297,
-287,
-315,
-342,
-331,
-328,
-368,
-376,
-352,
-357,
-356,
-305,
-268,
-301,
-308,
-241,
-158,
-130,
-148,
-208,
-325,
-423,
-356,
-139,
25,
-27,
-215,
-334,
-333,
-270,
-212,
-180,
-188,
-223,
-193,
-104,
-67,
-59,
45,
144,
94,
20,
74,
123,
63,
13,
52,
91,
64,
22,
61,
124,
132,
130,
170,
197,
212,
210,
184,
135,
138,
227,
284,
206,
148,
275,
446,
426,
320,
323,
353,
294,
214,
196,
234,
291,
322,
360,
426,
471,
492,
508,
489,
445,
442,
491,
521,
500,
491,
542,
540,
439,
444,
608,
673,
532,
454,
545,
600,
551,
557,
625,
596,
482,
500,
653,
729,
670,
580,
514,
510,
637,
777,
715,
522,
455,
575,
707,
666,
551,
590,
740,
826,
813,
814,
815,
726,
640,
680,
734,
735,
815,
928,
869,
687,
622,
688,
769,
839,
795,
612,
513,
640,
846,
928,
856,
718,
634,
731,
861,
768,
595,
652,
812,
737,
516,
502,
638,
709,
745,
822,
847,
786,
771,
807,
710,
497,
436,
564,
682,
725,
745,
695,
598,
591,
661,
630,
455,
339,
443,
613,
628,
518,
475,
534,
613,
643,
550,
380,
322,
455,
570,
493,
398,
448,
520,
473,
381,
332,
354,
402,
421,
399,
393,
365,
305,
323,
383,
312,
193,
237,
330,
305,
347,
549,
607,
389,
218,
240,
292,
324,
355,
375,
390,
374,
303,
271,
313,
255,
101,
96,
240,
260,
142,
110,
203,
272,
268,
246,
226,
169,
74,
16,
79,
277,
434,
353,
117,
1,
43,
109,
158,
221,
235,
204,
196,
164,
59,
-7,
39,
123,
135,
97,
102,
137,
119,
27,
-25,
50,
163,
192,
97,
-55,
-108,
2,
135,
148,
93,
112,
169,
152,
47,
-36,
-24,
58,
132,
148,
70,
-116,
-259,
-149,
102,
164,
-6,
-115,
-52,
-42,
-197,
-285,
-122,
99,
105,
-25,
-77,
-69,
-81,
-39,
44,
13,
-132,
-231,
-219,
-112,
0,
50,
59,
51,
-37,
-112,
-42,
40,
-36,
-134,
-82,
22,
40,
9,
-17,
-56,
-107,
-123,
-109,
-105,
-116,
-154,
-189,
-159,
-50,
35,
33,
-39,
-130,
-174,
-108,
-44,
-54,
-69,
-73,
-88,
-88,
-14,
98,
124,
30,
-50,
-34,
-17,
-58,
-51,
25,
73,
84,
85,
23,
-70,
-75,
-19,
-49,
-127,
-99,
-39,
-46,
-68,
-60,
-63,
-105,
-166,
-160,
-63,
21,
-14,
-94,
-80,
0,
-7,
-103,
-136,
-57,
22,
-5,
-80,
-105,
-81,
-45,
-21,
-32,
-81,
-130,
-124,
-119,
-183,
-221,
-176,
-105,
-78,
-106,
-167,
-167,
-90,
-84,
-230,
-340,
-297,
-207,
-156,
-154,
-228,
-320,
-275,
-124,
-121,
-281,
-384,
-356,
-285,
-230,
-232,
-273,
-250,
-141,
-97,
-214,
-348,
-314,
-174,
-99,
-144,
-252,
-297,
-251,
-184,
-165,
-202,
-292,
-404,
-420,
-323,
-252,
-288,
-341,
-370,
-412,
-442,
-391,
-330,
-346,
-380,
-359,
-390,
-450,
-424,
-335,
-303,
-363,
-465,
-543,
-596,
-602,
-472,
-277,
-278,
-468,
-529,
-425,
-376,
-396,
-387,
-379,
-441,
-499,
-445,
-312,
-232,
-272,
-315,
-299,
-356,
-507,
-557,
-462,
-381,
-397,
-422,
-396,
-353,
-355,
-409,
-474,
-527,
-546,
-500,
-438,
-458,
-477,
-374,
-255,
-325,
-466,
-471,
-402,
-406,
-488,
-553,
-521,
-453,
-360,
-307,
-438,
-584,
-589,
-503,
-371,
-311,
-365,
-351,
-259,
-336,
-451,
-247,
-115,
-410,
-642,
-534,
-440,
-528,
-519,
-264,
-127,
-338,
-525,
-406,
-295,
-390,
-383,
-158,
-121,
-370,
-474,
-317,
-247,
-361,
-346,
-167,
-228,
-534,
-611,
-362,
-184,
-262,
-295,
-133,
-137,
-368,
-393,
-194,
-186,
-340,
-384,
-431,
-536,
-453,
-225,
-118,
-145,
-143,
-111,
-203,
-384,
-394,
-194,
-54,
-135,
-314,
-341,
-197,
-108,
-197,
-237,
-118,
-164,
-393,
-446,
-306,
-254,
-315,
-319,
-212,
-97,
-56,
-112,
-179,
-210,
-257,
-272,
-206,
-145,
-129,
-75,
-15,
-85,
-179,
-95,
45,
16,
-122,
-191,
-185,
-123,
-2,
145,
250,
200,
-9,
-169,
-199,
-259,
-341,
-222,
2,
76,
14,
-75,
-198,
-328,
-279,
-102,
-70,
-154,
-180,
-172,
-196,
-165,
-27,
72,
30,
-46,
-47,
-1,
0,
8,
37,
-1,
-60,
-52,
-63,
-127,
-98,
74,
178,
39,
-117,
-74,
-11,
-108,
-81,
186,
322,
142,
-35,
-44,
-40,
-58,
44,
192,
129,
-106,
-158,
31,
134,
58,
17,
72,
100,
73,
81,
138,
144,
103,
129,
195,
164,
77,
122,
267,
288,
131,
10,
68,
129,
67,
54,
143,
192,
217,
325,
382,
272,
171,
283,
434,
358,
212,
288,
451,
363,
151,
193,
386,
354,
201,
206,
246,
181,
195,
317,
348,
277,
256,
360,
496,
517,
431,
398,
421,
378,
317,
393,
533,
583,
585,
605,
554,
423,
372,
406,
404,
366,
338,
385,
544,
683,
578,
307,
199,
348,
503,
448,
279,
245,
394,
524,
533,
511,
556,
590,
532,
448,
366,
327,
455,
693,
761,
611,
485,
455,
396,
378,
507,
617,
543,
464,
534,
569,
446,
361,
431,
531,
555,
506,
442,
405,
385,
413,
484,
494,
440,
462,
541,
510,
413,
473,
611,
621,
590,
643,
653,
507,
404,
496,
614,
590,
470,
406,
446,
464,
365,
265,
312,
404,
394,
371,
418,
424,
349,
315,
385,
439,
469,
537,
566,
459,
323,
343,
463,
471,
356,
296,
318,
342,
370,
434,
440,
326,
238,
284,
379,
397,
319,
265,
291,
329,
309,
283,
322,
348,
254,
143,
150,
205,
231,
242,
234,
197,
176,
160,
132,
141,
200,
245,
232,
193,
160,
151,
169,
175,
148,
124,
126,
125,
111,
109,
127,
147,
146,
83,
8,
-9,
25,
77,
112,
121,
120,
73,
-42,
-149,
-151,
-90,
-87,
-146,
-177,
-144,
-84,
-49,
-66,
-123,
-153,
-123,
-151,
-264,
-295,
-198,
-73,
-34,
-89,
-140,
-130,
-107,
-130,
-162,
-180,
-191,
-169,
-83,
-40,
-100,
-221,
-293,
-247,
-157,
-141,
-215,
-296,
-287,
-242,
-246,
-269,
-258,
-218,
-166,
-136,
-158,
-186,
-152,
-100,
-93,
-101,
-111,
-162,
-250,
-311,
-298,
-221,
-160,
-164,
-198,
-203,
-192,
-168,
-144,
-186,
-263,
-251,
-168,
-114,
-99,
-71,
-40,
-38,
-74,
-97,
-57,
-13,
-69,
-152,
-168,
-185,
-217,
-171,
-70,
-27,
-63,
-97,
-104,
-128,
-194,
-247,
-199,
-76,
-26,
-58,
-21,
67,
62,
-19,
-76,
-109,
-113,
-37,
41,
49,
8,
-39,
-41,
-50,
-130,
-225,
-222,
-156,
-153,
-186,
-181,
-175,
-155,
-44,
20,
-62,
-177,
-188,
-129,
-62,
-55,
-107,
-145,
-156,
-190,
-195,
-140,
-142,
-189,
-157,
-141,
-255,
-338,
-201,
36,
125,
22,
-143,
-221,
-187,
-129,
-96,
-65,
-83,
-164,
-211,
-180,
-198,
-269,
-273,
-208,
-154,
-152,
-191,
-206,
-155,
-106,
-136,
-162,
-109,
-52,
-113,
-239,
-254,
-121,
-7,
-32,
-144,
-251,
-311,
-277,
-168,
-100,
-132,
-184,
-207,
-185,
-169,
-184,
-185,
-164,
-173,
-227,
-214,
-103,
-16,
-16,
-93,
-211,
-239,
-96,
33,
-53,
-244,
-330,
-298,
-219,
-123,
-100,
-184,
-250,
-236,
-216,
-243,
-291,
-273,
-155,
-62,
-151,
-284,
-256,
-154,
-137,
-133,
-97,
-112,
-162,
-155,
-118,
-126,
-148,
-137,
-115,
-155,
-262,
-354,
-318,
-205,
-167,
-209,
-232,
-238,
-226,
-214,
-270,
-356,
-322,
-172,
-80,
-127,
-213,
-249,
-183,
-60,
-34,
-153,
-302,
-349,
-284,
-180,
-138,
-185,
-233,
-200,
-187,
-249,
-280,
-228,
-170,
-125,
-104,
-131,
-199,
-253,
-236,
-149,
-67,
-87,
-157,
-166,
-138,
-141,
-162,
-186,
-201,
-165,
-116,
-125,
-205,
-256,
-227,
-137,
-79,
-135,
-272,
-294,
-171,
-105,
-144,
-136,
-126,
-177,
-162,
-91,
-141,
-248,
-180,
-15,
-40,
-215,
-280,
-222,
-191,
-217,
-187,
-99,
-60,
-137,
-226,
-229,
-207,
-193,
-131,
-66,
-91,
-141,
-180,
-225,
-194,
-72,
-30,
-89,
-90,
-44,
-92,
-157,
-91,
27,
25,
-69,
-88,
-22,
-13,
-76,
-84,
-33,
-72,
-177,
-169,
-83,
-100,
-172,
-141,
-73,
-94,
-114,
-9,
61,
-28,
-99,
-24,
45,
11,
-5,
31,
47,
7,
-60,
-78,
-41,
-43,
-86,
-67,
-13,
-67,
-177,
-159,
-59,
-52,
-108,
-68,
64,
104,
39,
25,
64,
54,
4,
-2,
49,
112,
150,
158,
153,
126,
59,
48,
152,
210,
85,
-35,
22,
106,
110,
142,
238,
280,
237,
164,
100,
104,
174,
233,
229,
205,
223,
271,
284,
265,
227,
169,
138,
146,
153,
144,
191,
264,
259,
156,
73,
81,
139,
183,
215,
197,
136,
110,
108,
80,
62,
103,
153,
152,
126,
110,
93,
82,
96,
122,
127,
141,
199,
234,
161,
56,
51,
137,
186,
170,
158,
170,
160,
103,
59,
104,
174,
172,
175,
226,
167,
37,
51,
217,
267,
195,
198,
227,
121,
-1,
53,
213,
302,
280,
211,
138,
68,
45,
128,
269,
304,
218,
141,
151,
174,
132,
95,
172,
297,
273,
119,
76,
171,
192,
108,
106,
215,
256,
175,
94,
119,
212,
244,
194,
167,
187,
168,
136,
185,
291,
289,
181,
117,
114,
104,
112,
173,
225,
196,
106,
64,
114,
168,
131,
73,
83,
115,
120,
124,
165,
177,
99,
14,
-9,
-17,
-59,
-51,
27,
70,
14,
-67,
-89,
-89,
-95,
-73,
-28,
-13,
-21,
-8,
11,
8,
-5,
-26,
-45,
-58,
-79,
-66,
4,
67,
68,
22,
-15,
-43,
-53,
-16,
54,
99,
96,
117,
124,
53,
-6,
27,
74,
52,
43,
105,
135,
81,
37,
58,
102,
112,
113,
122,
130,
91,
12,
-3,
93,
179,
165,
106,
70,
35,
-20,
-16,
65,
97,
34,
2,
31,
29,
-3,
38,
110,
94,
1,
-49,
-9,
-9,
-70,
-59,
24,
47,
-18,
-57,
-40,
-70,
-139,
-138,
-69,
-43,
-76,
-123,
-163,
-159,
-111,
-61,
-14,
-1,
-79,
-177,
-198,
-181,
-174,
-123,
-41,
-19,
-56,
-93,
-109,
-111,
-137,
-165,
-156,
-141,
-147,
-122,
-67,
-58,
-109,
-143,
-176,
-254,
-331,
-355,
-346,
-342,
-312,
-240,
-212,
-265,
-340,
-378,
-401,
-444,
-440,
-353,
-274,
-272,
-295,
-301,
-304,
-304,
-299,
-305,
-316,
-311,
-308,
-339,
-365,
-314,
-242,
-244,
-314,
-373,
-377,
-374,
-392,
-404,
-377,
-386,
-447,
-479,
-480,
-494,
-480,
-400,
-345,
-390,
-453,
-465,
-444,
-437,
-412,
-343,
-299,
-330,
-374,
-345,
-272,
-276,
-343,
-361,
-358,
-426,
-478,
-392,
-295,
-335,
-406,
-370,
-345,
-447,
-543,
-475,
-356,
-387,
-501,
-482,
-393,
-439,
-532,
-445,
-273,
-276,
-385,
-393,
-329,
-336,
-368,
-300,
-231,
-298,
-420,
-457,
-406,
-371,
-331,
-248,
-208,
-293,
-390,
-364,
-268,
-247,
-279,
-290,
-320,
-376,
-358,
-252,
-173,
-195,
-217,
-174,
-175,
-236,
-240,
-156,
-91,
-91,
-76,
-41,
-53,
-86,
-50,
-4,
-86,
-220,
-219,
-134,
-124,
-164,
-186,
-207,
-248,
-231,
-139,
-68,
-84,
-94,
-47,
-12,
-48,
-49,
31,
87,
48,
-15,
-36,
-52,
-97,
-107,
-22,
57,
26,
-38,
-24,
36,
33,
-14,
11,
96,
115,
51,
11,
27,
42,
51,
92,
119,
102,
79,
92,
125,
160,
194,
218,
236,
261,
283,
280,
236,
199,
226,
281,
309,
322,
311,
266,
250,
317,
367,
339,
315,
341,
315,
259,
316,
422,
408,
339,
321,
321,
303,
285,
331,
440,
502,
452,
431,
523,
575,
516,
449,
473,
528,
556,
555,
559,
561,
536,
503,
483,
450,
374,
304,
308,
338,
312,
303,
352,
364,
300,
248,
257,
271,
270,
317,
396,
397,
284,
191,
237,
363,
435,
453,
461,
474,
481,
467,
416,
357,
337,
401,
494,
508,
467,
465,
486,
459,
427,
443,
457,
443,
435,
429,
395,
341,
322,
390,
478,
514,
478,
421,
361,
322,
327,
358,
356,
348,
390,
441,
421,
361,
358,
416,
457,
449,
445,
454,
431,
398,
399,
394,
371,
386,
453,
513,
474,
369,
297,
322,
385,
422,
393,
308,
273,
337,
395,
363,
297,
284,
357,
428,
380,
256,
209,
246,
314,
371,
373,
361,
404,
377,
262,
179,
148,
167,
303,
403,
341,
267,
264,
250,
262,
259,
197,
205,
253,
192,
137,
146,
140,
219,
352,
299,
125,
8,
-79,
-46,
135,
199,
148,
157,
124,
33,
-1,
-17,
3,
95,
104,
64,
129,
179,
158,
203,
214,
98,
67,
108,
28,
-2,
93,
129,
108,
105,
101,
121,
137,
80,
0,
-54,
-81,
30,
207,
178,
90,
91,
36,
-24,
23,
94,
163,
156,
16,
-67,
17,
32,
-16,
6,
-36,
-85,
-21,
5,
0,
60,
26,
-11,
165,
222,
50,
93,
255,
247,
213,
146,
76,
145,
153,
169,
430,
448,
95,
119,
342,
86,
-54,
189,
167,
142,
349,
276,
195,
334,
112,
-94,
189,
232,
537,
1780,
3764,
7847,
11539,
8684,
1074,
-4779,
-7752,
-6900,
-1728,
1252,
-1750,
-5182,
-5515,
-4811,
-2094,
3648,
7180,
3635,
-4267,
-9150,
-7119,
-532,
4878,
4885,
684,
-2857,
-2840,
45,
2961,
3020,
849,
-1462,
-3808,
-4702,
-1926,
2549,
4881,
4526,
3426,
2079,
155,
-1006,
-43,
2289,
2998,
51,
-3805,
-4006,
-680,
1951,
1479,
-322,
-464,
705,
126,
-2047,
-2116,
933,
3965,
3894,
336,
-4202,
-5719,
-3057,
39,
167,
-758,
119,
777,
-1488,
-4518,
-4579,
-1323,
2162,
2764,
1106,
660,
2258,
3040,
1733,
597,
1332,
2751,
3604,
3526,
1351,
-2490,
-3889,
-664,
2860,
1572,
-2976,
-4378,
-713,
2892,
2281,
-1098,
-3530,
-2669,
835,
2936,
592,
-3260,
-3350,
6,
1962,
564,
-1208,
-312,
2020,
2515,
594,
-1457,
-2129,
-1879,
-1026,
83,
-108,
-2326,
-4128,
-2242,
2487,
5438,
3994,
230,
-2459,
-3163,
-2469,
-720,
720,
112,
-1395,
-1119,
409,
357,
-1195,
-1348,
406,
1210,
-317,
-2086,
-2103,
-1173,
-668,
91,
1800,
2628,
1110,
-978,
-1563,
-1167,
-560,
421,
857,
-489,
-2729,
-3635,
-2300,
-58,
1013,
149,
-1408,
-1996,
-1666,
-1518,
-1830,
-2094,
-1835,
-1247,
-1055,
-1278,
-1109,
-416,
144,
166,
-516,
-1487,
-1342,
147,
801,
-539,
-1725,
-717,
1109,
1309,
-176,
-1874,
-2792,
-2381,
-609,
1289,
1640,
137,
-1467,
-1352,
-30,
651,
224,
-418,
-685,
-462,
297,
1067,
1066,
310,
-629,
-1359,
-1358,
-263,
761,
46,
-1976,
-3213,
-2430,
-443,
684,
38,
-768,
-364,
27,
-612,
-1206,
-994,
-554,
-346,
-220,
-106,
19,
462,
940,
640,
-338,
-936,
-731,
-889,
-2474,
-4201,
-4155,
-2908,
-1950,
-384,
2301,
2923,
-22,
-2400,
-902,
1632,
1606,
238,
113,
410,
-421,
-1075,
-122,
772,
-289,
-1801,
-1583,
-423,
35,
-91,
-272,
-677,
-1117,
-931,
108,
1504,
2100,
1242,
-32,
-628,
-1036,
-1517,
-1276,
-704,
-1165,
-2233,
-2132,
-816,
106,
115,
-45,
-182,
-761,
-1492,
-1408,
-417,
314,
68,
-279,
-38,
-170,
-1129,
-1642,
-882,
290,
705,
229,
-318,
-57,
852,
1356,
1084,
527,
-111,
-688,
-822,
-690,
-870,
-988,
-285,
369,
-166,
-889,
-297,
1068,
1623,
911,
-302,
-971,
-606,
390,
1103,
811,
-487,
-1714,
-1462,
42,
992,
478,
-645,
-1241,
-994,
-362,
132,
601,
1286,
1530,
722,
-326,
-507,
192,
1099,
1464,
759,
-458,
-864,
-120,
556,
239,
-362,
-192,
423,
555,
361,
484,
769,
490,
-242,
-489,
23,
499,
328,
-123,
-245,
-199,
-280,
-71,
817,
1475,
805,
-313,
-409,
156,
562,
1071,
1649,
1350,
280,
-132,
536,
1235,
1114,
372,
-104,
69,
358,
310,
284,
458,
377,
210,
534,
755,
43,
-893,
-823,
-26,
412,
450,
629,
611,
-168,
-985,
-565,
829,
1707,
1496,
1050,
1084,
1239,
1153,
1076,
859,
-23,
-1109,
-1343,
-576,
527,
1474,
1826,
1046,
-655,
-1756,
-825,
1461,
2914,
2417,
800,
-579,
-923,
35,
1887,
3236,
2797,
939,
-694,
-989,
-172,
879,
1404,
1030,
175,
-4,
934,
1754,
1389,
873,
1512,
2451,
2160,
760,
-460,
-759,
-244,
718,
1592,
1856,
1478,
1029,
958,
892,
486,
145,
181,
241,
76,
46,
524,
1116,
1139,
726,
377,
-56,
-470,
-137,
619,
492,
-454,
-864,
-344,
403,
1031,
1655,
2050,
1670,
695,
84,
231,
758,
1432,
2176,
2437,
1690,
478,
-121,
176,
750,
888,
528,
40,
-392,
-567,
-325,
13,
198,
476,
686,
185,
-795,
-1091,
-154,
1307,
1964,
1102,
-363,
-711,
475,
1685,
1392,
-41,
-972,
-443,
870,
1261,
133,
-840,
-234,
634,
26,
-1114,
-863,
398,
1134,
1144,
595,
-480,
-1013,
-130,
923,
469,
-839,
-1152,
-301,
443,
487,
392,
732,
1126,
836,
-97,
-1010,
-1358,
-795,
595,
1576,
961,
-356,
-685,
-83,
426,
423,
-169,
-1079,
-1376,
-738,
43,
462,
751,
794,
272,
-474,
-694,
-55,
975,
1439,
870,
94,
197,
887,
1160,
852,
312,
-260,
-524,
-255,
7,
-338,
-1012,
-1283,
-867,
-345,
-486,
-1235,
-1682,
-997,
620,
1790,
1233,
-640,
-1948,
-1589,
-409,
381,
721,
1061,
1043,
128,
-976,
-1128,
-457,
104,
303,
447,
468,
116,
-209,
134,
1066,
1661,
1060,
-357,
-1193,
-765,
213,
709,
322,
-434,
-603,
16,
438,
-143,
-1238,
-1560,
-624,
680,
1203,
568,
-627,
-1258,
-757,
278,
650,
-33,
-760,
-427,
511,
680,
-89,
-513,
140,
985,
790,
-438,
-1320,
-603,
1137,
1899,
889,
-441,
-641,
155,
1004,
1094,
260,
-741,
-1221,
-1434,
-1513,
-902,
168,
700,
477,
-120,
-1037,
-1880,
-1669,
-517,
203,
37,
-245,
-171,
226,
778,
864,
197,
-343,
-110,
44,
-634,
-1326,
-988,
59,
796,
902,
652,
42,
-904,
-1428,
-925,
10,
462,
351,
-73,
-662,
-923,
-323,
691,
962,
56,
-1015,
-1127,
-426,
380,
1069,
1365,
655,
-753,
-1407,
-615,
607,
1179,
1071,
488,
-479,
-1241,
-932,
430,
1644,
1652,
558,
-780,
-1435,
-876,
308,
759,
33,
-907,
-1282,
-1128,
-702,
-421,
-611,
-906,
-822,
-623,
-615,
-364,
313,
832,
719,
-156,
-1517,
-2270,
-1430,
365,
1310,
687,
-372,
-576,
-32,
337,
134,
-227,
-204,
267,
738,
701,
192,
-228,
-70,
514,
807,
323,
-553,
-863,
-236,
509,
407,
-380,
-976,
-1036,
-1000,
-1097,
-942,
-393,
183,
606,
681,
-98,
-1427,
-1823,
-740,
316,
-14,
-1093,
-1270,
-79,
1095,
808,
-612,
-1719,
-1869,
-1427,
-807,
-494,
-827,
-1159,
-663,
192,
266,
-505,
-1129,
-1156,
-1044,
-1109,
-1248,
-1309,
-869,
264,
1123,
588,
-1020,
-2237,
-1939,
-515,
277,
-428,
-1111,
-330,
555,
-170,
-1522,
-1805,
-1293,
-779,
-11,
913,
922,
-127,
-798,
-286,
311,
-109,
-1061,
-1571,
-1381,
-654,
190,
459,
-18,
-386,
77,
598,
-186,
-1995,
-2626,
-1006,
837,
804,
-391,
-969,
-593,
-89,
-146,
-784,
-1245,
-842,
-33,
229,
-112,
-277,
134,
615,
534,
16,
-393,
-478,
-302,
66,
408,
388,
16,
-158,
175,
385,
-211,
-1079,
-1194,
-687,
-501,
-869,
-1158,
-867,
-110,
533,
391,
-602,
-1497,
-1356,
-390,
405,
441,
-73,
-662,
-985,
-795,
-44,
689,
547,
-307,
-746,
-425,
-45,
167,
622,
1086,
957,
589,
617,
494,
-296,
-811,
-238,
479,
265,
-209,
2,
233,
-283,
-617,
181,
1103,
810,
-128,
-449,
-442,
-926,
-1221,
-349,
884,
1004,
-28,
-1082,
-1310,
-760,
-20,
500,
582,
-12,
-729,
-370,
971,
1668,
1049,
406,
780,
1366,
1186,
651,
552,
701,
570,
428,
743,
1212,
1360,
1149,
496,
-420,
-650,
341,
1460,
1346,
249,
-569,
-560,
-5,
587,
783,
584,
418,
460,
392,
57,
-162,
122,
819,
1321,
1061,
331,
23,
514,
1371,
1767,
1216,
302,
130,
801,
1342,
1119,
444,
34,
372,
1112,
1255,
502,
-242,
-122,
695,
1456,
1621,
1130,
443,
110,
235,
387,
188,
-109,
53,
693,
1218,
1120,
529,
108,
483,
1259,
1198,
43,
-849,
-337,
856,
1301,
944,
647,
648,
750,
904,
914,
531,
161,
469,
1157,
1074,
26,
-592,
74,
1031,
1175,
676,
41,
-468,
-319,
609,
1280,
870,
-6,
-238,
377,
1163,
1382,
917,
457,
483,
558,
385,
359,
638,
836,
810,
711,
428,
27,
170,
1049,
1517,
559,
-887,
-1084,
84,
1276,
1511,
976,
313,
-24,
199,
719,
706,
-139,
-702,
174,
1699,
2074,
1059,
51,
-34,
453,
864,
930,
647,
294,
315,
609,
514,
57,
96,
847,
1380,
748,
-636,
-1165,
6,
1666,
2002,
851,
-390,
-701,
-193,
410,
504,
288,
380,
740,
742,
279,
-111,
-60,
373,
926,
1105,
556,
-367,
-639,
278,
1487,
1580,
381,
-598,
48,
1436,
1525,
-18,
-1507,
-1462,
-178,
834,
583,
-293,
-418,
481,
1428,
1426,
512,
-371,
-404,
214,
503,
-25,
-609,
-315,
614,
1180,
761,
-507,
-1625,
-1354,
-18,
457,
-731,
-1941,
-1393,
335,
1264,
510,
-1028,
-1868,
-1318,
-88,
441,
-31,
-335,
321,
909,
87,
-1338,
-1281,
271,
1157,
504,
-493,
-889,
-758,
-220,
455,
286,
-1223,
-2631,
-2041,
131,
1368,
413,
-1031,
-1062,
-216,
-21,
-468,
-553,
-210,
51,
259,
345,
-118,
-890,
-1071,
-660,
-641,
-1209,
-1227,
-204,
599,
95,
-1008,
-1367,
-820,
-283,
-466,
-1276,
-1889,
-1446,
-52,
1033,
661,
-668,
-1262,
-436,
505,
152,
-1021,
-1589,
-1273,
-716,
-89,
634,
758,
-201,
-1468,
-1774,
-1063,
-469,
-646,
-1041,
-902,
-340,
30,
117,
136,
-44,
-426,
-642,
-598,
-593,
-525,
-161,
-82,
-960,
-2075,
-2194,
-1377,
-652,
-619,
-1098,
-1362,
-974,
-163,
528,
575,
-341,
-1656,
-1947,
-942,
-168,
-387,
-594,
-79,
280,
-256,
-851,
-711,
-375,
-558,
-1061,
-1281,
-1062,
-496,
230,
579,
227,
-352,
-516,
-284,
-309,
-951,
-1642,
-1635,
-993,
-426,
-345,
-471,
-522,
-635,
-947,
-1101,
-799,
-526,
-562,
-383,
-27,
-253,
-953,
-1050,
-405,
-210,
-857,
-1248,
-772,
-328,
-848,
-1782,
-1889,
-980,
-176,
-300,
-742,
-611,
-244,
-434,
-960,
-937,
-217,
339,
147,
-321,
-516,
-556,
-668,
-480,
209,
510,
-124,
-694,
-335,
179,
-85,
-456,
-139,
105,
-349,
-540,
259,
753,
-212,
-1417,
-1183,
-24,
289,
-534,
-1285,
-1396,
-1211,
-852,
-230,
91,
-467,
-1132,
-868,
-56,
197,
-161,
-350,
-345,
-540,
-705,
-364,
474,
1251,
1376,
703,
-240,
-660,
-404,
44,
199,
-208,
-675,
-377,
168,
-73,
-409,
374,
1330,
732,
-971,
-1688,
-527,
1199,
1770,
980,
-233,
-1075,
-1055,
-163,
556,
31,
-1065,
-1145,
-183,
325,
-148,
-663,
-540,
-247,
-385,
-723,
-621,
6,
498,
452,
163,
-144,
-290,
231,
1242,
1544,
634,
-536,
-810,
68,
1232,
1348,
273,
-559,
-258,
343,
487,
539,
628,
373,
33,
41,
22,
-321,
-300,
437,
937,
297,
-716,
-639,
282,
568,
32,
-429,
-480,
-166,
520,
926,
285,
-870,
-1194,
-226,
1013,
1018,
-326,
-1317,
-618,
813,
1230,
524,
-194,
-319,
40,
487,
449,
-170,
-600,
-297,
171,
-19,
-687,
-1011,
-579,
350,
1025,
821,
-34,
-699,
-560,
219,
911,
869,
295,
67,
270,
211,
-171,
-285,
28,
246,
140,
12,
30,
264,
509,
357,
8,
2,
231,
92,
-426,
-719,
-297,
721,
1363,
796,
-401,
-935,
-455,
254,
426,
72,
-209,
38,
577,
922,
919,
678,
529,
870,
1380,
1054,
-30,
-386,
329,
638,
7,
-396,
-110,
275,
699,
1140,
895,
-13,
-323,
300,
471,
-469,
-1149,
-380,
815,
831,
-164,
-958,
-1105,
-916,
-334,
668,
1157,
489,
-376,
-195,
619,
779,
267,
87,
485,
957,
1279,
1479,
1326,
678,
111,
237,
639,
549,
263,
446,
748,
467,
50,
363,
957,
778,
59,
-134,
214,
261,
-129,
-333,
12,
587,
692,
179,
-395,
-523,
-104,
462,
601,
228,
-43,
379,
1146,
1202,
299,
-424,
13,
996,
1412,
1192,
851,
509,
222,
451,
1197,
1531,
951,
128,
-10,
548,
1011,
956,
772,
768,
704,
593,
795,
1022,
755,
439,
808,
1498,
1501,
884,
594,
777,
647,
33,
-174,
302,
539,
282,
185,
104,
-545,
-1152,
-694,
332,
609,
19,
-338,
267,
1168,
1173,
312,
-223,
79,
598,
874,
897,
524,
-33,
18,
827,
1394,
1075,
364,
-51,
-56,
208,
598,
922,
1111,
1116,
795,
334,
89,
95,
257,
497,
530,
268,
146,
355,
547,
462,
247,
94,
-11,
21,
329,
609,
350,
-362,
-659,
-86,
585,
434,
-172,
-162,
303,
281,
-61,
20,
311,
108,
-321,
-24,
943,
1507,
1043,
20,
-590,
-281,
586,
1237,
1033,
52,
-741,
-529,
155,
200,
-345,
-528,
-280,
-250,
-272,
194,
746,
646,
34,
-435,
-507,
-433,
-447,
-273,
315,
804,
708,
406,
250,
-4,
-459,
-699,
-392,
290,
768,
527,
-309,
-1090,
-1393,
-1224,
-656,
36,
254,
-231,
-875,
-911,
-240,
480,
565,
113,
-294,
-528,
-768,
-831,
-566,
-360,
-488,
-709,
-840,
-827,
-507,
-85,
-107,
-647,
-1117,
-1038,
-589,
-147,
20,
-98,
-71,
187,
48,
-789,
-1437,
-981,
-105,
-162,
-1112,
-1664,
-1186,
-459,
-224,
-375,
-755,
-1246,
-1230,
-311,
480,
-161,
-1492,
-1608,
-532,
83,
-314,
-851,
-797,
-173,
441,
320,
-517,
-1193,
-996,
-132,
353,
-296,
-1266,
-1160,
-142,
403,
-4,
-553,
-735,
-775,
-877,
-1169,
-1622,
-1797,
-1402,
-711,
-374,
-684,
-1140,
-1008,
-562,
-846,
-1744,
-2092,
-1665,
-1145,
-836,
-626,
-745,
-1320,
-1625,
-1061,
-337,
-564,
-1362,
-1273,
-232,
412,
68,
-620,
-936,
-665,
5,
557,
482,
-241,
-979,
-868,
9,
545,
253,
-213,
-323,
-308,
-558,
-1063,
-1458,
-1341,
-825,
-417,
-442,
-869,
-1368,
-1378,
-725,
-241,
-763,
-1451,
-969,
126,
382,
-276,
-837,
-712,
10,
704,
690,
-4,
-679,
-759,
-275,
93,
-191,
-747,
-827,
-415,
-129,
-159,
-176,
-116,
-158,
-258,
-441,
-709,
-594,
238,
1073,
849,
-418,
-1366,
-773,
678,
1110,
69,
-1020,
-900,
127,
925,
868,
151,
-411,
-105,
704,
946,
256,
-364,
288,
1738,
2333,
1387,
-16,
-450,
159,
862,
930,
389,
-127,
-1,
786,
1383,
881,
-318,
-648,
372,
1149,
394,
-782,
-648,
549,
1345,
1212,
634,
14,
-215,
444,
1344,
1120,
-85,
-645,
202,
1323,
1391,
728,
566,
1013,
1223,
1021,
849,
810,
699,
503,
411,
464,
548,
694,
1021,
1293,
1093,
550,
317,
633,
939,
704,
381,
558,
836,
680,
325,
228,
461,
807,
957,
800,
653,
712,
725,
559,
371,
211,
158,
525,
1301,
1770,
1448,
719,
288,
439,
1018,
1603,
1705,
1181,
436,
179,
684,
1256,
1075,
396,
137,
408,
571,
481,
514,
598,
319,
-167,
-309,
-61,
272,
465,
384,
66,
-286,
-371,
26,
752,
1281,
1165,
579,
160,
307,
861,
1153,
763,
74,
-172,
159,
450,
314,
175,
487,
951,
958,
425,
-168,
-380,
-87,
407,
567,
339,
196,
201,
18,
-213,
-116,
133,
97,
-169,
-295,
-182,
-90,
-209,
-275,
22,
353,
163,
-274,
-147,
473,
771,
459,
-45,
-408,
-565,
-528,
-373,
-152,
256,
747,
916,
520,
-43,
-188,
113,
446,
548,
367,
-36,
-334,
-122,
535,
1043,
876,
170,
-426,
-465,
-165,
-34,
-198,
-316,
-181,
-166,
-539,
-840,
-507,
169,
342,
-218,
-885,
-1079,
-764,
-184,
246,
81,
-596,
-992,
-555,
91,
65,
-411,
-503,
-185,
-88,
-331,
-385,
32,
397,
157,
-414,
-696,
-598,
-430,
-372,
-489,
-760,
-791,
-216,
388,
109,
-857,
-1334,
-865,
-226,
-193,
-678,
-1084,
-1022,
-597,
-131,
78,
-103,
-454,
-645,
-724,
-844,
-877,
-692,
-412,
-214,
-300,
-718,
-995,
-627,
-78,
-163,
-828,
-1318,
-1213,
-757,
-499,
-651,
-857,
-772,
-569,
-568,
-744,
-892,
-928,
-776,
-491,
-365,
-508,
-691,
-706,
-555,
-266,
-65,
-183,
-397,
-442,
-550,
-902,
-1055,
-673,
-213,
-297,
-743,
-878,
-615,
-411,
-382,
-287,
-130,
-206,
-557,
-862,
-927,
-693,
-180,
287,
206,
-496,
-1246,
-1295,
-519,
277,
214,
-479,
-814,
-463,
-77,
-104,
-288,
-385,
-430,
-438,
-395,
-386,
-458,
-542,
-502,
-344,
-319,
-537,
-607,
-237,
112,
-107,
-584,
-614,
-186,
50,
-123,
-238,
-123,
-154,
-438,
-606,
-494,
-350,
-318,
-199,
113,
351,
267,
58,
-54,
-254,
-621,
-782,
-524,
-157,
71,
237,
231,
26,
23,
264,
203,
-277,
-573,
-440,
-197,
54,
451,
851,
947,
649,
135,
-344,
-612,
-632,
-432,
-166,
-133,
-286,
-259,
-69,
-50,
-214,
-322,
-270,
-100,
175,
425,
417,
127,
-112,
46,
436,
663,
630,
496,
319,
-14,
-411,
-538,
-291,
-21,
-20,
-57,
73,
131,
-72,
-301,
-162,
231,
257,
-244,
-709,
-637,
-115,
412,
572,
197,
-408,
-680,
-533,
-409,
-602,
-803,
-601,
-111,
246,
288,
290,
401,
291,
-131,
-354,
-93,
330,
527,
538,
477,
241,
-17,
91,
476,
578,
283,
154,
396,
466,
35,
-338,
-67,
492,
632,
314,
-160,
-485,
-376,
51,
297,
160,
-5,
70,
98,
-279,
-736,
-557,
261,
816,
540,
-95,
-393,
-265,
-17,
126,
64,
-144,
-187,
51,
224,
96,
-71,
38,
283,
258,
-82,
-313,
-73,
469,
738,
411,
-290,
-734,
-430,
370,
846,
472,
-194,
-177,
483,
763,
281,
-182,
-58,
270,
495,
634,
477,
-40,
-351,
-3,
432,
245,
-219,
-193,
259,
402,
20,
-313,
-158,
146,
117,
-68,
45,
344,
484,
524,
490,
218,
30,
281,
436,
-56,
-554,
-230,
529,
800,
447,
90,
226,
660,
768,
371,
-86,
-199,
76,
599,
942,
596,
-180,
-428,
87,
584,
485,
160,
209,
582,
730,
448,
94,
59,
367,
790,
953,
559,
-31,
-64,
476,
769,
394,
-81,
-7,
395,
495,
254,
218,
620,
999,
862,
319,
-31,
270,
948,
1199,
657,
-95,
-226,
411,
1133,
1174,
566,
23,
42,
474,
938,
1143,
935,
431,
51,
135,
456,
611,
632,
804,
952,
631,
-15,
-305,
-90,
82,
32,
149,
393,
374,
257,
508,
991,
1192,
993,
651,
375,
280,
446,
804,
1067,
901,
421,
217,
507,
751,
606,
461,
669,
977,
977,
667,
446,
648,
1034,
1063,
647,
305,
373,
594,
637,
489,
341,
386,
641,
903,
870,
526,
228,
373,
822,
1083,
1038,
974,
962,
879,
809,
892,
1030,
1097,
1068,
905,
629,
414,
422,
641,
908,
914,
616,
436,
684,
934,
814,
617,
604,
572,
472,
569,
864,
1005,
839,
504,
214,
207,
569,
984,
999,
663,
485,
669,
909,
936,
808,
715,
617,
370,
91,
100,
252,
198,
58,
142,
397,
649,
813,
764,
464,
209,
341,
800,
1083,
834,
324,
54,
163,
428,
598,
563,
227,
-219,
-258,
105,
268,
-25,
-256,
1,
426,
556,
447,
403,
469,
504,
482,
287,
-121,
-303,
95,
643,
680,
297,
119,
283,
283,
-40,
-200,
34,
195,
60,
21,
215,
246,
57,
61,
234,
43,
-516,
-730,
-369,
12,
43,
-112,
-215,
-278,
-393,
-376,
-74,
97,
-235,
-565,
-332,
81,
95,
-134,
-157,
-49,
-127,
-265,
-213,
-80,
-64,
-150,
-230,
-311,
-355,
-192,
113,
113,
-425,
-1001,
-1052,
-829,
-811,
-853,
-716,
-654,
-820,
-876,
-599,
-304,
-308,
-512,
-714,
-856,
-859,
-599,
-209,
-49,
-230,
-586,
-870,
-902,
-706,
-543,
-713,
-1134,
-1387,
-1256,
-974,
-797,
-657,
-492,
-462,
-767,
-1229,
-1297,
-805,
-273,
-272,
-759,
-1176,
-1131,
-717,
-393,
-447,
-705,
-968,
-1153,
-1093,
-798,
-593,
-738,
-961,
-930,
-776,
-700,
-661,
-626,
-690,
-896,
-1135,
-1344,
-1518,
-1574,
-1396,
-1088,
-913,
-1007,
-1243,
-1340,
-1287,
-1320,
-1368,
-1103,
-672,
-681,
-1094,
-1256,
-1043,
-892,
-993,
-1051,
-920,
-849,
-1011,
-1299,
-1447,
-1341,
-1109,
-827,
-680,
-950,
-1435,
-1457,
-950,
-652,
-890,
-1214,
-1338,
-1337,
-1191,
-920,
-832,
-1010,
-1154,
-1096,
-1031,
-1096,
-1188,
-1244,
-1351,
-1501,
-1581,
-1487,
-1240,
-899,
-519,
-313,
-579,
-1210,
-1641,
-1476,
-1012,
-721,
-772,
-1060,
-1344,
-1398,
-1223,
-971,
-822,
-872,
-1063,
-1240,
-1305,
-1204,
-963,
-699,
-614,
-794,
-1019,
-1035,
-880,
-743,
-630,
-559,
-693,
-1021,
-1232,
-1130,
-902,
-804,
-756,
-674,
-761,
-1036,
-1171,
-963,
-675,
-581,
-560,
-451,
-336,
-293,
-278,
-331,
-523,
-726,
-719,
-526,
-387,
-451,
-598,
-691,
-822,
-1030,
-1046,
-696,
-288,
-240,
-430,
-474,
-302,
-145,
-141,
-286,
-514,
-670,
-624,
-382,
-81,
137,
124,
-89,
-336,
-545,
-593,
-358,
-35,
131,
128,
30,
-164,
-393,
-424,
-176,
69,
-7,
-314,
-425,
-236,
-3,
113,
110,
43,
8,
47,
48,
-33,
-51,
17,
8,
-34,
99,
320,
424,
403,
355,
317,
297,
302,
333,
464,
727,
834,
591,
341,
508,
853,
840,
516,
310,
229,
64,
-4,
275,
616,
647,
429,
217,
142,
180,
304,
522,
803,
1018,
987,
653,
276,
225,
507,
689,
556,
335,
287,
510,
881,
1129,
1028,
732,
635,
760,
760,
609,
692,
1094,
1362,
1193,
840,
628,
612,
741,
938,
1028,
804,
475,
498,
889,
1225,
1225,
1000,
773,
682,
744,
851,
902,
896,
928,
1035,
1088,
934,
635,
504,
699,
1004,
1152,
1109,
1027,
952,
939,
1002,
941,
748,
722,
1010,
1280,
1110,
658,
479,
794,
1280,
1488,
1314,
914,
599,
675,
1083,
1406,
1315,
919,
735,
1007,
1270,
1120,
836,
856,
1094,
1157,
946,
701,
729,
980,
1068,
854,
616,
630,
898,
1201,
1274,
1014,
684,
604,
707,
808,
889,
973,
1014,
1042,
1085,
1005,
814,
769,
915,
1052,
1012,
835,
665,
643,
777,
931,
1036,
1044,
898,
638,
393,
349,
610,
983,
1172,
1012,
652,
488,
702,
956,
907,
744,
731,
685,
410,
91,
16,
192,
441,
602,
576,
439,
443,
651,
801,
695,
446,
419,
788,
1157,
1035,
526,
148,
201,
552,
846,
733,
289,
13,
117,
371,
473,
414,
453,
776,
1139,
1073,
560,
119,
88,
309,
441,
362,
218,
179,
272,
457,
618,
581,
369,
270,
425,
568,
409,
109,
27,
222,
504,
654,
567,
330,
147,
135,
228,
193,
-25,
-134,
48,
198,
31,
-88,
209,
611,
685,
537,
394,
185,
-99,
-182,
113,
479,
423,
-35,
-277,
-45,
169,
111,
89,
188,
78,
-259,
-383,
-146,
107,
113,
4,
96,
330,
280,
-85,
-282,
-33,
294,
344,
189,
-124,
-390,
-185,
376,
602,
272,
-132,
-148,
187,
440,
278,
-72,
-166,
-35,
-30,
-205,
-258,
10,
495,
873,
784,
253,
-217,
-206,
179,
444,
232,
-269,
-539,
-354,
-33,
110,
51,
-153,
-392,
-448,
-324,
-323,
-417,
-170,
332,
408,
-47,
-369,
-212,
38,
28,
-141,
-363,
-612,
-653,
-300,
143,
154,
-311,
-633,
-400,
-19,
45,
-82,
-153,
-206,
-135,
161,
376,
252,
13,
-39,
67,
67,
-134,
-279,
-105,
113,
-93,
-511,
-494,
-87,
112,
-20,
-121,
-124,
-156,
-130,
16,
100,
2,
-84,
-3,
53,
-106,
-285,
-249,
-128,
-137,
-256,
-398,
-490,
-422,
-160,
86,
25,
-302,
-458,
-268,
-138,
-364,
-612,
-480,
-136,
32,
-40,
-191,
-308,
-327,
-238,
-164,
-236,
-402,
-488,
-404,
-244,
-201,
-285,
-374,
-448,
-590,
-700,
-596,
-365,
-281,
-374,
-473,
-498,
-489,
-453,
-387,
-420,
-542,
-497,
-150,
137,
-48,
-485,
-665,
-504,
-326,
-382,
-624,
-795,
-685,
-421,
-338,
-541,
-717,
-627,
-413,
-325,
-422,
-567,
-638,
-626,
-525,
-356,
-317,
-541,
-751,
-690,
-588,
-631,
-643,
-542,
-472,
-542,
-645,
-658,
-612,
-555,
-532,
-613,
-838,
-1050,
-1003,
-717,
-506,
-599,
-865,
-963,
-776,
-552,
-585,
-806,
-873,
-762,
-719,
-722,
-646,
-603,
-668,
-665,
-555,
-497,
-557,
-652,
-695,
-655,
-639,
-706,
-686,
-455,
-262,
-383,
-668,
-827,
-765,
-572,
-429,
-424,
-539,
-786,
-985,
-907,
-685,
-598,
-590,
-458,
-282,
-303,
-466,
-522,
-395,
-291,
-326,
-430,
-513,
-568,
-586,
-555,
-541,
-627,
-760,
-795,
-763,
-788,
-829,
-733,
-532,
-427,
-514,
-652,
-708,
-663,
-579,
-565,
-654,
-682,
-546,
-424,
-561,
-807,
-781,
-410,
-80,
-71,
-218,
-301,
-308,
-303,
-309,
-350,
-406,
-280,
20,
57,
-377,
-784,
-637,
-257,
-272,
-651,
-903,
-872,
-781,
-653,
-366,
-53,
18,
-164,
-329,
-405,
-520,
-590,
-402,
-134,
-231,
-621,
-720,
-399,
-139,
-186,
-206,
7,
140,
-22,
-285,
-444,
-543,
-536,
-277,
13,
-14,
-264,
-324,
-149,
-154,
-401,
-449,
-144,
118,
67,
-92,
-134,
-118,
-41,
200,
465,
423,
126,
-44,
-30,
-116,
-228,
-98,
165,
176,
-79,
-212,
-86,
10,
-10,
97,
304,
300,
131,
162,
325,
306,
207,
338,
562,
481,
160,
-38,
-22,
73,
165,
228,
250,
194,
52,
-101,
-80,
205,
583,
780,
626,
204,
-107,
30,
421,
597,
498,
446,
494,
441,
322,
303,
353,
429,
526,
616,
599,
465,
418,
593,
766,
687,
388,
139,
120,
273,
397,
421,
407,
409,
405,
352,
217,
145,
290,
496,
515,
330,
129,
158,
471,
864,
949,
627,
264,
186,
301,
367,
393,
490,
590,
599,
528,
482,
586,
708,
569,
229,
47,
113,
193,
269,
478,
641,
532,
366,
405,
503,
417,
297,
381,
566,
648,
652,
629,
549,
529,
684,
850,
790,
517,
276,
294,
415,
377,
307,
415,
487,
301,
111,
209,
456,
569,
540,
552,
598,
539,
409,
360,
445,
509,
393,
271,
330,
430,
445,
401,
371,
406,
480,
437,
186,
-69,
-93,
149,
464,
570,
463,
342,
300,
319,
284,
157,
129,
337,
544,
452,
177,
45,
177,
456,
621,
446,
37,
-191,
10,
312,
327,
75,
-159,
-152,
57,
184,
99,
22,
40,
25,
-32,
-135,
-261,
-156,
197,
373,
143,
-166,
-188,
33,
170,
45,
-163,
-268,
-227,
3,
233,
158,
-127,
-263,
-169,
-149,
-280,
-299,
-92,
52,
-97,
-380,
-471,
-327,
-147,
-75,
-149,
-338,
-495,
-400,
-66,
125,
-46,
-249,
-247,
-209,
-265,
-352,
-471,
-628,
-712,
-634,
-433,
-211,
-231,
-488,
-597,
-408,
-228,
-311,
-485,
-559,
-654,
-731,
-551,
-309,
-392,
-622,
-588,
-388,
-279,
-269,
-286,
-267,
-258,
-348,
-475,
-488,
-454,
-467,
-393,
-259,
-254,
-372,
-463,
-535,
-601,
-537,
-436,
-510,
-616,
-527,
-321,
-169,
-117,
-155,
-267,
-309,
-246,
-271,
-420,
-441,
-260,
-89,
-102,
-241,
-363,
-350,
-228,
-103,
-15,
-34,
-177,
-266,
-198,
-94,
-84,
-216,
-420,
-492,
-284,
0,
83,
-43,
-254,
-332,
-133,
135,
126,
-107,
-247,
-221,
-193,
-100,
102,
194,
67,
-71,
-97,
-84,
-71,
-43,
-3,
51,
122,
165,
204,
190,
48,
-91,
-59,
82,
155,
114,
63,
79,
90,
4,
-141,
-256,
-266,
-139,
56,
118,
-75,
-260,
-44,
379,
436,
163,
86,
290,
400,
275,
97,
78,
216,
348,
385,
319,
139,
10,
116,
263,
186,
36,
70,
169,
140,
118,
185,
174,
83,
37,
25,
-9,
-41,
-6,
134,
377,
501,
352,
233,
322,
356,
223,
198,
373,
399,
162,
56,
283,
558,
582,
403,
238,
152,
183,
333,
454,
358,
171,
220,
456,
540,
439,
397,
457,
464,
325,
158,
180,
335,
403,
361,
428,
662,
827,
759,
563,
378,
255,
179,
189,
282,
345,
317,
323,
512,
700,
510,
130,
145,
510,
571,
232,
57,
266,
553,
652,
590,
493,
410,
365,
430,
569,
544,
313,
265,
593,
819,
541,
174,
262,
557,
623,
554,
558,
532,
445,
465,
557,
483,
271,
213,
427,
607,
499,
344,
425,
537,
447,
344,
406,
474,
388,
281,
259,
222,
95,
48,
236,
490,
498,
214,
-26,
49,
258,
266,
126,
84,
124,
140,
185,
268,
259,
142,
72,
98,
99,
31,
-58,
-119,
-140,
-140,
-141,
-39,
215,
407,
375,
242,
155,
92,
36,
129,
399,
585,
452,
164,
125,
346,
473,
396,
298,
215,
39,
-138,
-97,
96,
172,
50,
-93,
-135,
-153,
-177,
-124,
-70,
-126,
-243,
-258,
-175,
-147,
-271,
-414,
-347,
-100,
3,
-105,
-144,
-10,
38,
-122,
-203,
-85,
-27,
-139,
-205,
-197,
-291,
-368,
-149,
199,
196,
-170,
-413,
-287,
-41,
88,
69,
-111,
-393,
-555,
-453,
-260,
-186,
-235,
-358,
-558,
-748,
-740,
-527,
-296,
-274,
-497,
-682,
-588,
-392,
-377,
-427,
-321,
-228,
-376,
-581,
-597,
-519,
-488,
-430,
-342,
-387,
-562,
-607,
-451,
-372,
-541,
-791,
-907,
-865,
-705,
-537,
-469,
-471,
-473,
-500,
-569,
-651,
-733,
-743,
-628,
-548,
-656,
-752,
-584,
-404,
-592,
-942,
-964,
-699,
-554,
-643,
-748,
-768,
-765,
-679,
-476,
-384,
-556,
-744,
-654,
-412,
-303,
-324,
-400,
-530,
-656,
-722,
-774,
-807,
-636,
-304,
-183,
-421,
-723,
-767,
-584,
-409,
-428,
-602,
-695,
-527,
-214,
-26,
-101,
-342,
-484,
-423,
-346,
-354,
-353,
-364,
-450,
-486,
-362,
-232,
-264,
-395,
-512,
-542,
-487,
-388,
-270,
-156,
-106,
-165,
-237,
-194,
-99,
-41,
6,
16,
-90,
-232,
-280,
-247,
-141,
11,
-2,
-268,
-480,
-365,
-118,
-104,
-308,
-415,
-263,
-62,
-54,
-185,
-268,
-293,
-273,
-177,
-71,
-37,
19,
142,
156,
-72,
-294,
-229,
15,
105,
-67,
-336,
-465,
-366,
-155,
22,
94,
-14,
-239,
-338,
-232,
-132,
-195,
-214,
-12,
164,
62,
-138,
-87,
173,
269,
55,
-175,
-137,
7,
-19,
-170,
-265,
-282,
-252,
-181,
-140,
-200,
-269,
-215,
-66,
22,
-58,
-201,
-191,
-30,
41,
-74,
-185,
-190,
-156,
-75,
87,
154,
-2,
-198,
-245,
-204,
-204,
-271,
-309,
-193,
7,
19,
-151,
-188,
-15,
79,
-20,
-63,
45,
79,
-59,
-143,
-85,
-75,
-179,
-201,
-67,
6,
-142,
-336,
-321,
-176,
-115,
-128,
-77,
45,
133,
143,
106,
98,
122,
124,
34,
-178,
-331,
-203,
52,
26,
-325,
-536,
-265,
111,
27,
-375,
-474,
-224,
-62,
-85,
-92,
-35,
49,
128,
124,
11,
-134,
-225,
-180,
-37,
-81,
-403,
-595,
-398,
-202,
-341,
-536,
-484,
-271,
-3,
216,
154,
-204,
-417,
-173,
240,
340,
71,
-143,
-64,
41,
-60,
-185,
-99,
44,
5,
-187,
-357,
-441,
-386,
-144,
153,
222,
15,
-191,
-151,
74,
298,
415,
351,
108,
-131,
-166,
-85,
-62,
1,
191,
289,
115,
-139,
-235,
-165,
-7,
192,
332,
333,
247,
180,
212,
271,
236,
156,
151,
208,
214,
177,
241,
409,
518,
445,
202,
19,
144,
392,
416,
324,
416,
551,
482,
388,
448,
478,
319,
184,
256,
366,
421,
557,
696,
553,
166,
-55,
157,
539,
680,
533,
374,
342,
338,
331,
427,
583,
580,
371,
213,
262,
294,
216,
276,
487,
496,
262,
183,
332,
358,
241,
257,
373,
349,
275,
401,
656,
780,
720,
586,
482,
498,
621,
727,
743,
715,
708,
707,
668,
593,
527,
514,
526,
488,
467,
576,
701,
620,
416,
395,
565,
709,
724,
674,
678,
785,
928,
998,
977,
868,
701,
613,
632,
589,
479,
523,
672,
680,
578,
565,
638,
721,
773,
732,
619,
582,
705,
861,
912,
889,
899,
922,
899,
887,
925,
913,
790,
642,
596,
638,
629,
557,
601,
805,
913,
794,
656,
669,
729,
726,
688,
651,
613,
592,
605,
591,
525,
502,
570,
581,
415,
224,
253,
478,
644,
580,
401,
336,
418,
531,
653,
704,
612,
478,
436,
483,
526,
528,
513,
514,
520,
463,
342,
270,
282,
331,
314,
226,
178,
261,
427,
525,
432,
241,
174,
251,
289,
237,
203,
218,
255,
282,
290,
270,
212,
127,
114,
152,
159,
200,
268,
217,
140,
260,
439,
398,
207,
113,
189,
312,
334,
252,
208,
259,
309,
335,
365,
330,
211,
123,
142,
188,
189,
239,
398,
485,
345,
200,
243,
291,
248,
250,
244,
91,
0,
98,
157,
56,
-97,
-168,
-109,
-15,
24,
84,
222,
386,
586,
776,
832,
925,
1057,
1030,
906,
698,
393,
286,
462,
520,
182,
-426,
-985,
-1068,
-718,
-538,
-751,
-1181,
-1691,
-2108,
-2328,
-2343,
-2188,
-2095,
-2269,
-2654,
-3175,
-3914,
-4692,
-5152,
-5236,
-5186,
-4975,
-4182,
-2548,
-44,
2862,
4748,
5209,
5180,
4958,
4631,
4450,
4244,
3831,
3031,
2047,
1237,
621,
386,
159,
-879,
-2191,
-2772,
-3241,
-3871,
-3675,
-3159,
-2127,
594,
2754,
3162,
4198,
5431,
5120,
4319,
3481,
1598,
-1015,
-3121,
-3526,
-1663,
781,
1124,
-825,
-2624,
-2854,
-2554,
-2256,
-1329,
-324,
75,
958,
2880,
4511,
4841,
3984,
2578,
1356,
609,
845,
2034,
2777,
2214,
904,
28,
-150,
-883,
-2374,
-3303,
-3370,
-2993,
-1988,
-610,
276,
343,
-90,
-509,
-765,
-1399,
-2384,
-2681,
-1626,
232,
1033,
-318,
-2170,
-2856,
-2851,
-3099,
-4179,
-5972,
-7060,
-6455,
-4923,
-3212,
-1909,
-2390,
-4080,
-4251,
-2349,
-370,
159,
-501,
-1115,
-1032,
-686,
-777,
-1598,
-3334,
-6016,
-8687,
-9966,
-9508,
-8165,
-6965,
-6263,
-6107,
-6265,
-5913,
-4898,
-4266,
-4199,
-3509,
-1734,
-29,
14,
-1144,
-566,
2274,
3821,
1984,
-1469,
-4107,
-4692,
-3316,
-1768,
-1798,
-3330,
-4924,
-4904,
-3347,
-2411,
-3203,
-3880,
-2737,
-1196,
-804,
-861,
-1151,
-1945,
-1736,
154,
1000,
-1025,
-3371,
-3245,
-1202,
677,
1374,
1268,
329,
-1591,
-2654,
-1094,
1708,
3000,
2116,
385,
-812,
-451,
1239,
2501,
2441,
1517,
291,
-477,
107,
2191,
4367,
4382,
1985,
-272,
-383,
696,
1410,
1653,
1317,
34,
-1533,
-1938,
-398,
1305,
1040,
71,
329,
1167,
1702,
2565,
3827,
4427,
4115,
3464,
3069,
3452,
4005,
3851,
3236,
2423,
1343,
689,
1386,
2733,
2866,
1665,
790,
769,
765,
1029,
2514,
4028,
3598,
1664,
205,
454,
1854,
2944,
3263,
2628,
647,
-1180,
-874,
576,
1228,
931,
56,
-776,
-233,
1397,
2114,
1444,
778,
982,
1410,
1288,
1170,
1768,
2303,
2053,
1767,
1587,
701,
-219,
-86,
121,
-622,
-1259,
-878,
-296,
-298,
-613,
-599,
-330,
-756,
-1589,
-1142,
341,
1021,
589,
-5,
-226,
-138,
102,
356,
112,
-1065,
-2371,
-2401,
-1128,
-160,
-749,
-2059,
-2183,
-1003,
-213,
-428,
-939,
-1258,
-930,
164,
1032,
934,
257,
-335,
-511,
-284,
74,
142,
-659,
-2126,
-2713,
-1854,
-1069,
-1048,
-906,
-687,
-1037,
-1072,
38,
1140,
1258,
1094,
1219,
1377,
1606,
2064,
2323,
2184,
2043,
2055,
2032,
1868,
1590,
1176,
682,
334,
99,
-14,
287,
920,
1517,
1716,
1223,
543,
785,
1802,
2199,
1634,
843,
127,
-25,
1008,
2146,
1847,
673,
-53,
-351,
-359,
256,
743,
96,
-997,
-1273,
-747,
32,
876,
1433,
1265,
758,
704,
904,
670,
306,
379,
587,
392,
-162,
-585,
-607,
-285,
149,
296,
-176,
-1020,
-1482,
-1040,
59,
823,
384,
-723,
-906,
152,
1102,
1136,
922,
1024,
1167,
1214,
1262,
1099,
716,
499,
596,
742,
649,
455,
457,
560,
579,
672,
844,
734,
406,
334,
555,
704,
603,
285,
-68,
-140,
111,
307,
266,
241,
232,
-14,
-280,
-194,
79,
223,
431,
650,
301,
-444,
-722,
-453,
-152,
101,
198,
0,
-115,
152,
582,
856,
582,
-152,
-496,
-140,
385,
919,
1555,
1784,
1246,
626,
694,
1076,
880,
77,
-571,
-394,
372,
667,
229,
38,
402,
449,
-22,
-325,
-237,
92,
710,
1465,
1750,
1297,
816,
1035,
1595,
1801,
1292,
211,
-539,
-395,
146,
507,
464,
-37,
-474,
-130,
598,
699,
320,
276,
632,
821,
536,
235,
445,
944,
1040,
519,
172,
531,
792,
280,
-310,
-319,
-124,
19,
388,
742,
570,
10,
-514,
-636,
-169,
543,
966,
1117,
1191,
1041,
784,
879,
1261,
1499,
1367,
920,
380,
60,
225,
765,
1189,
1164,
851,
627,
434,
-53,
-665,
-655,
285,
1323,
1535,
1147,
915,
1046,
1374,
1757,
2049,
2017,
1591,
1083,
798,
846,
1225,
1598,
1422,
699,
14,
-296,
-347,
-152,
364,
921,
1187,
1174,
1059,
853,
514,
151,
-150,
-152,
305,
673,
531,
278,
233,
138,
-206,
-665,
-939,
-721,
-150,
265,
349,
309,
388,
707,
1088,
1156,
637,
-236,
-761,
-675,
-267,
172,
422,
239,
-255,
-461,
-290,
-328,
-801,
-1158,
-905,
-363,
-96,
-119,
-159,
-175,
-245,
-328,
-434,
-720,
-1137,
-1435,
-1237,
-412,
349,
230,
-457,
-855,
-914,
-1061,
-1204,
-1036,
-706,
-492,
-405,
-338,
-250,
-229,
-398,
-642,
-813,
-1109,
-1629,
-1986,
-1900,
-1600,
-1326,
-1151,
-1141,
-1174,
-1137,
-1225,
-1471,
-1588,
-1479,
-1447,
-1778,
-2253,
-2365,
-1989,
-1400,
-948,
-1010,
-1554,
-1910,
-1678,
-1355,
-1411,
-1650,
-1692,
-1506,
-1229,
-843,
-347,
49,
90,
-200,
-497,
-539,
-484,
-707,
-1216,
-1549,
-1423,
-1054,
-786,
-694,
-504,
-231,
-333,
-897,
-1446,
-1709,
-1675,
-1351,
-975,
-854,
-839,
-653,
-453,
-355,
-308,
-471,
-779,
-865,
-640,
-198,
346,
721,
623,
18,
-655,
-846,
-639,
-540,
-667,
-775,
-882,
-1023,
-1013,
-997,
-1223,
-1467,
-1489,
-1337,
-1009,
-515,
-93,
104,
367,
746,
690,
150,
-186,
-141,
16,
173,
87,
-267,
-329,
-11,
139,
62,
-152,
-690,
-1136,
-886,
-137,
526,
690,
322,
-12,
202,
559,
229,
-771,
-1523,
-1312,
-300,
559,
480,
-268,
-752,
-710,
-669,
-835,
-936,
-875,
-636,
-251,
92,
249,
257,
224,
163,
-26,
-482,
-945,
-764,
-59,
239,
-91,
-292,
114,
592,
480,
83,
-112,
-366,
-886,
-1059,
-663,
-433,
-491,
-216,
234,
282,
34,
-84,
-52,
-146,
-346,
-388,
-240,
-119,
-92,
61,
337,
438,
403,
639,
1020,
826,
46,
-387,
-202,
27,
32,
-10,
137,
502,
874,
1037,
987,
839,
713,
677,
578,
449,
737,
1389,
1684,
1431,
1213,
1208,
980,
638,
768,
1080,
854,
377,
451,
862,
804,
391,
232,
286,
214,
144,
391,
870,
1122,
1137,
1422,
1843,
1593,
943,
974,
1408,
1127,
408,
393,
921,
913,
528,
702,
1133,
919,
404,
407,
613,
328,
-204,
-345,
-58,
396,
869,
1121,
859,
339,
139,
287,
410,
408,
380,
326,
327,
458,
730,
1188,
1558,
1303,
529,
30,
97,
312,
488,
819,
1121,
950,
445,
216,
334,
273,
-27,
-199,
-253,
-403,
-478,
-187,
281,
520,
385,
6,
-365,
-455,
-146,
312,
621,
784,
860,
782,
688,
789,
767,
277,
-247,
-347,
-352,
-433,
-116,
531,
756,
394,
67,
4,
-229,
-679,
-846,
-654,
-499,
-452,
-257,
110,
272,
-40,
-556,
-888,
-1091,
-1322,
-1337,
-889,
-298,
-130,
-359,
-523,
-583,
-768,
-895,
-719,
-452,
-321,
-266,
-185,
-106,
-19,
111,
66,
-321,
-694,
-689,
-371,
135,
636,
779,
589,
388,
214,
43,
-12,
115,
320,
438,
410,
231,
-133,
-367,
-107,
233,
59,
-430,
-831,
-1018,
-789,
-153,
396,
483,
66,
-643,
-1064,
-839,
-426,
-280,
-266,
-350,
-570,
-535,
-199,
-88,
-197,
-136,
-36,
-109,
-126,
58,
334,
597,
640,
254,
-387,
-819,
-910,
-881,
-758,
-562,
-649,
-1027,
-1162,
-824,
-412,
-333,
-563,
-836,
-895,
-553,
50,
501,
711,
866,
880,
664,
371,
41,
-288,
-448,
-478,
-494,
-533,
-695,
-911,
-872,
-487,
-71,
-44,
-437,
-933,
-1228,
-1169,
-825,
-498,
-333,
-303,
-429,
-454,
-81,
297,
235,
-57,
-200,
-94,
111,
197,
83,
-71,
-108,
-174,
-373,
-418,
-57,
424,
592,
405,
115,
-141,
-369,
-372,
-88,
64,
-190,
-562,
-734,
-591,
-171,
206,
151,
-375,
-1046,
-1371,
-1187,
-784,
-439,
-235,
-173,
-147,
-187,
-226,
18,
426,
573,
420,
193,
-83,
-340,
-273,
209,
677,
586,
108,
-129,
-37,
148,
379,
569,
517,
271,
50,
-57,
-68,
36,
210,
193,
-156,
-450,
-205,
300,
346,
-137,
-497,
-251,
361,
695,
685,
751,
836,
735,
542,
350,
210,
212,
435,
701,
588,
68,
-341,
-269,
0,
59,
-235,
-725,
-789,
-183,
513,
858,
903,
668,
131,
-440,
-610,
-272,
108,
194,
271,
560,
711,
524,
273,
258,
337,
140,
-299,
-575,
-618,
-498,
-60,
428,
427,
95,
-18,
18,
-234,
-486,
-113,
535,
549,
148,
412,
1242,
1559,
1220,
880,
702,
398,
-64,
-392,
-534,
-717,
-752,
-252,
402,
425,
1,
-6,
397,
487,
214,
149,
336,
429,
508,
853,
1147,
943,
637,
746,
937,
583,
-100,
-203,
409,
926,
1001,
1004,
1151,
1085,
706,
389,
443,
757,
859,
605,
360,
276,
232,
185,
74,
-166,
-305,
-132,
7,
-96,
-91,
89,
194,
304,
550,
585,
267,
139,
534,
990,
977,
619,
414,
401,
302,
138,
138,
277,
458,
786,
1134,
1010,
450,
39,
-97,
-357,
-678,
-555,
12,
409,
278,
-172,
-507,
-474,
-177,
90,
188,
197,
187,
182,
250,
348,
275,
-73,
-435,
-462,
-235,
-124,
-191,
-231,
-221,
-166,
-112,
-274,
-527,
-597,
-555,
-423,
-138,
91,
58,
-7,
65,
4,
-123,
9,
57,
-340,
-771,
-745,
-506,
-468,
-637,
-732,
-388,
263,
668,
751,
694,
412,
4,
-77,
267,
572,
557,
494,
671,
993,
1234,
1202,
796,
209,
-105,
84,
486,
714,
699,
611,
575,
497,
345,
168,
-70,
-326,
-414,
-221,
-21,
-156,
-485,
-611,
-427,
-156,
37,
16,
-253,
-440,
-162,
403,
693,
667,
738,
913,
1023,
1125,
1185,
1045,
824,
826,
1008,
1061,
792,
343,
97,
95,
28,
-119,
-162,
-235,
-462,
-571,
-441,
-322,
-286,
-255,
-231,
-224,
-161,
-28,
49,
-42,
-239,
-231,
149,
516,
378,
-125,
-344,
-40,
413,
679,
715,
539,
203,
107,
394,
664,
645,
451,
198,
-97,
-352,
-439,
-311,
-45,
30,
-270,
-663,
-916,
-1002,
-811,
-392,
-176,
-367,
-494,
-103,
499,
696,
443,
137,
-51,
-190,
-188,
109,
496,
520,
176,
-11,
173,
310,
175,
14,
-99,
-312,
-479,
-291,
120,
317,
197,
-143,
-605,
-811,
-485,
-66,
-113,
-439,
-626,
-707,
-761,
-714,
-665,
-768,
-901,
-874,
-729,
-594,
-540,
-577,
-605,
-499,
-434,
-579,
-601,
-140,
513,
818,
719,
503,
325,
241,
211,
34,
-227,
-205,
161,
405,
170,
-297,
-406,
-5,
235,
-139,
-604,
-642,
-367,
-24,
205,
91,
-238,
-283,
63,
285,
66,
-345,
-704,
-944,
-900,
-635,
-498,
-500,
-230,
272,
493,
342,
195,
232,
349,
367,
55,
-480,
-583,
89,
849,
841,
186,
-321,
-366,
-335,
-446,
-561,
-673,
-838,
-1038,
-1222,
-1207,
-971,
-830,
-832,
-704,
-514,
-548,
-690,
-546,
-177,
33,
-27,
-129,
24,
428,
659,
396,
-73,
-224,
-16,
133,
-47,
-373,
-515,
-504,
-634,
-906,
-1046,
-980,
-875,
-744,
-606,
-686,
-946,
-875,
-352,
-14,
-265,
-755,
-1015,
-919,
-634,
-485,
-672,
-975,
-945,
-622,
-495,
-775,
-1171,
-1297,
-1092,
-724,
-451,
-484,
-546,
-313,
-89,
-227,
-515,
-652,
-718,
-773,
-683,
-584,
-691,
-856,
-855,
-699,
-633,
-888,
-1403,
-1742,
-1656,
-1435,
-1303,
-1259,
-1401,
-1618,
-1720,
-1834,
-1878,
-1451,
-757,
-470,
-645,
-890,
-1158,
-1421,
-1416,
-1203,
-1067,
-991,
-770,
-539,
-522,
-686,
-891,
-1000,
-938,
-848,
-905,
-1067,
-1088,
-793,
-324,
-6,
27,
-127,
-457,
-937,
-1366,
-1590,
-1542,
-1195,
-695,
-295,
-159,
-284,
-535,
-636,
-420,
-93,
-28,
-302,
-461,
-8,
819,
1340,
1341,
1088,
662,
113,
-151,
-31,
18,
-115,
-6,
297,
228,
-326,
-884,
-1117,
-1056,
-782,
-389,
-87,
-1,
93,
437,
748,
551,
39,
-79,
331,
636,
493,
251,
311,
602,
692,
383,
-74,
-313,
-257,
-98,
79,
214,
232,
286,
552,
783,
664,
520,
814,
1223,
1224,
980,
858,
734,
503,
513,
775,
770,
326,
-51,
54,
391,
502,
438,
478,
587,
542,
412,
461,
701,
909,
913,
769,
582,
392,
252,
224,
263,
252,
143,
58,
139,
335,
431,
367,
316,
326,
347,
395,
426,
370,
411,
778,
1123,
920,
440,
362,
712,
955,
881,
677,
505,
507,
672,
870,
1052,
1139,
1068,
1009,
1114,
1215,
1092,
817,
555,
466,
713,
1026,
958,
623,
519,
754,
998,
991,
715,
362,
190,
296,
534,
734,
783,
740,
789,
981,
1114,
1071,
1036,
1233,
1582,
1791,
1683,
1375,
1288,
1603,
1913,
1696,
1097,
755,
846,
893,
625,
293,
177,
199,
206,
253,
412,
553,
482,
397,
605,
885,
921,
853,
924,
1044,
1050,
1107,
1247,
1143,
815,
742,
871,
775,
513,
456,
575,
621,
579,
669,
973,
1150,
970,
883,
1207,
1466,
1265,
964,
988,
1117,
1060,
1057,
1257,
1290,
941,
558,
500,
699,
866,
758,
444,
339,
598,
821,
781,
718,
727,
706,
778,
1048,
1260,
1236,
1095,
945,
887,
933,
910,
772,
688,
679,
637,
570,
539,
543,
499,
405,
331,
235,
157,
330,
617,
584,
306,
245,
385,
336,
231,
441,
786,
828,
558,
261,
43,
-130,
-183,
-9,
379,
668,
541,
234,
170,
316,
384,
326,
207,
-34,
-204,
23,
466,
644,
518,
410,
427,
297,
-111,
-448,
-427,
-242,
-194,
-267,
-322,
-390,
-485,
-444,
-227,
-33,
-30,
-211,
-382,
-358,
-227,
-168,
-84,
139,
383,
515,
539,
456,
335,
231,
40,
-144,
-48,
213,
263,
70,
-123,
-222,
-252,
-220,
-300,
-625,
-930,
-961,
-789,
-595,
-459,
-401,
-442,
-484,
-392,
-279,
-264,
-246,
-164,
-40,
20,
-143,
-512,
-788,
-759,
-743,
-983,
-1077,
-737,
-425,
-540,
-825,
-933,
-930,
-864,
-730,
-680,
-678,
-519,
-165,
248,
401,
81,
-423,
-615,
-482,
-503,
-853,
-1262,
-1392,
-1071,
-574,
-451,
-754,
-984,
-898,
-788,
-786,
-703,
-514,
-393,
-433,
-623,
-867,
-1041,
-1070,
-958,
-826,
-874,
-1131,
-1331,
-1285,
-1151,
-1162,
-1315,
-1469,
-1562,
-1578,
-1427,
-1063,
-703,
-673,
-914,
-1065,
-1075,
-1053,
-898,
-600,
-397,
-429,
-535,
-582,
-642,
-767,
-828,
-704,
-574,
-704,
-1051,
-1215,
-951,
-580,
-623,
-1040,
-1373,
-1393,
-1260,
-1122,
-974,
-840,
-744,
-681,
-710,
-834,
-867,
-759,
-690,
-809,
-975,
-945,
-725,
-562,
-615,
-809,
-938,
-924,
-803,
-565,
-335,
-414,
-857,
-1277,
-1372,
-1246,
-1156,
-1092,
-881,
-696,
-901,
-1333,
-1513,
-1410,
-1345,
-1402,
-1360,
-1105,
-864,
-785,
-668,
-489,
-519,
-721,
-817,
-853,
-956,
-981,
-818,
-670,
-717,
-804,
-801,
-888,
-1160,
-1358,
-1299,
-1087,
-1000,
-1132,
-1172,
-945,
-833,
-1048,
-1251,
-1241,
-1211,
-1153,
-937,
-778,
-897,
-997,
-807,
-538,
-465,
-468,
-357,
-180,
-52,
-9,
-27,
-69,
-143,
-253,
-316,
-363,
-483,
-595,
-525,
-346,
-270,
-342,
-377,
-338,
-362,
-435,
-410,
-282,
-123,
-4,
45,
78,
111,
89,
-19,
-142,
-236,
-337,
-434,
-503,
-505,
-369,
-96,
95,
98,
-39,
-282,
-558,
-586,
-260,
101,
284,
383,
417,
355,
315,
378,
378,
117,
-215,
-223,
86,
280,
147,
-50,
-84,
-107,
-212,
-225,
-87,
8,
-25,
19,
238,
413,
380,
331,
491,
629,
459,
191,
159,
302,
436,
550,
569,
346,
88,
134,
433,
619,
491,
304,
362,
537,
548,
417,
338,
329,
335,
360,
372,
369,
411,
471,
459,
325,
165,
153,
220,
187,
133,
308,
699,
992,
1032,
907,
731,
553,
456,
449,
417,
354,
435,
661,
778,
658,
481,
479,
654,
817,
902,
977,
929,
714,
610,
742,
861,
779,
601,
458,
405,
448,
506,
518,
455,
390,
407,
521,
658,
702,
612,
517,
512,
499,
388,
299,
355,
579,
878,
995,
777,
453,
267,
200,
202,
313,
520,
718,
891,
1027,
988,
707,
341,
84,
27,
142,
289,
347,
332,
330,
351,
415,
502,
471,
314,
301,
536,
758,
839,
955,
1143,
1243,
1186,
1019,
766,
463,
272,
331,
590,
852,
876,
612,
361,
392,
606,
782,
872,
887,
841,
799,
789,
790,
844,
959,
1052,
999,
806,
624,
524,
578,
806,
969,
847,
599,
480,
511,
641,
801,
849,
713,
527,
459,
516,
598,
627,
612,
617,
645,
598,
485,
520,
712,
728,
504,
353,
425,
557,
588,
488,
306,
199,
238,
304,
313,
253,
106,
-47,
-80,
2,
111,
225,
344,
382,
277,
137,
87,
112,
162,
227,
256,
201,
120,
47,
43,
158,
190,
-11,
-204,
-106,
138,
277,
268,
173,
-2,
-168,
-237,
-216,
-152,
-167,
-194,
-63,
166,
266,
168,
58,
107,
212,
203,
122,
170,
391,
559,
508,
345,
341,
577,
801,
735,
416,
84,
-83,
-19,
160,
247,
179,
60,
-17,
-12,
110,
282,
367,
322,
255,
247,
229,
175,
243,
500,
708,
644,
425,
311,
405,
602,
673,
491,
177,
29,
146,
326,
383,
321,
257,
295,
406,
531,
559,
370,
57,
-144,
-109,
48,
146,
161,
164,
146,
8,
-231,
-377,
-279,
-78,
-94,
-358,
-503,
-268,
103,
196,
41,
-56,
-75,
-140,
-254,
-403,
-570,
-646,
-543,
-398,
-340,
-311,
-316,
-412,
-479,
-394,
-345,
-449,
-506,
-406,
-299,
-243,
-295,
-452,
-586,
-673,
-816,
-932,
-874,
-747,
-776,
-850,
-786,
-646,
-517,
-427,
-395,
-382,
-352,
-331,
-306,
-216,
-139,
-218,
-386,
-550,
-675,
-633,
-443,
-445,
-783,
-983,
-702,
-304,
-197,
-294,
-377,
-389,
-306,
-216,
-215,
-263,
-321,
-467,
-558,
-402,
-213,
-197,
-204,
-165,
-295,
-551,
-674,
-572,
-382,
-186,
-84,
-143,
-230,
-165,
-20,
-74,
-349,
-535,
-413,
-161,
-131,
-333,
-414,
-216,
-24,
-85,
-233,
-298,
-418,
-598,
-608,
-494,
-479,
-612,
-838,
-1002,
-1002,
-953,
-918,
-843,
-745,
-710,
-732,
-709,
-734,
-834,
-737,
-431,
-219,
-328,
-536,
-552,
-550,
-688,
-823,
-843,
-691,
-395,
-314,
-785,
-1339,
-1358,
-1116,
-961,
-847,
-773,
-834,
-1017,
-1006,
-609,
-226,
-309,
-755,
-1152,
-1371,
-1374,
-1041,
-514,
-156,
-159,
-388,
-699,
-981,
-853,
-380,
-238,
-494,
-625,
-491,
-319,
-276,
-389,
-492,
-448,
-360,
-351,
-465,
-676,
-761,
-622,
-509,
-590,
-716,
-807,
-901,
-929,
-844,
-753,
-775,
-820,
-612,
-197,
-33,
-290,
-540,
-373,
62,
379,
464,
479,
430,
243,
115,
189,
300,
236,
41,
-57,
-37,
21,
72,
22,
-193,
-508,
-664,
-599,
-504,
-315,
35,
361,
422,
181,
-113,
-158,
108,
316,
127,
-104,
-70,
-27,
144,
663,
859,
335,
-88,
185,
527,
265,
-141,
-71,
158,
228,
309,
399,
491,
649,
723,
633,
499,
226,
-180,
-180,
362,
806,
819,
553,
302,
409,
676,
704,
441,
43,
-245,
-253,
174,
843,
1009,
599,
238,
2,
-178,
-51,
361,
550,
318,
192,
490,
818,
775,
419,
147,
163,
238,
187,
151,
380,
634,
404,
-14,
-8,
134,
-44,
-226,
43,
402,
160,
-309,
-239,
100,
87,
-65,
246,
659,
321,
-111,
409,
938,
322,
-126,
717,
1034,
-118,
-452,
687,
1080,
314,
164,
845,
839,
-96,
-493,
216,
891,
726,
365,
496,
697,
540,
481,
850,
1001,
446,
70,
653,
1123,
614,
104,
408,
807,
530,
110,
396,
806,
345,
-141,
566,
1512,
1217,
455,
581,
1043,
874,
390,
234,
554,
889,
769,
466,
434,
628,
690,
513,
516,
830,
902,
458,
110,
360,
674,
717,
930,
1362,
1580,
1194,
482,
381,
793,
742,
359,
454,
742,
508,
275,
729,
1091,
650,
-8,
-215,
53,
419,
459,
282,
322,
546,
668,
833,
999,
627,
-73,
-80,
581,
840,
601,
645,
875,
654,
219,
100,
187,
203,
107,
57,
266,
487,
151,
-308,
208,
1138,
850,
-284,
-443,
515,
1068,
713,
484,
756,
603,
-21,
163,
970,
760,
-103,
120,
918,
691,
-2,
216,
698,
448,
243,
456,
151,
-351,
-37,
493,
482,
354,
253,
93,
272,
498,
11,
-579,
-286,
296,
212,
-187,
-195,
-5,
3,
123,
586,
811,
250,
-453,
-249,
415,
371,
-58,
132,
631,
491,
-58,
-124,
40,
-248,
-509,
-122,
303,
100,
-166,
125,
389,
79,
-252,
-88,
73,
-195,
-452,
-271,
133,
349,
232,
-14,
-76,
-31,
-100,
-98,
-12,
-222,
-613,
-570,
-21,
353,
241,
150,
260,
230,
-36,
-268,
-155,
77,
-42,
-308,
-258,
-67,
-119,
-246,
-166,
-118,
-197,
-180,
-94,
-75,
-77,
-45,
-40,
-112,
-229,
-300,
-209,
-32,
-39,
-170,
-138,
-126,
-359,
-484,
-295,
-223,
-500,
-655,
-320,
117,
104,
-224,
-313,
-194,
-339,
-630,
-548,
-212,
-126,
-289,
-369,
-281,
-224,
-291,
-327,
-236,
-164,
-261,
-499,
-619,
-473,
-303,
-307,
-273,
-166,
-362,
-768,
-731,
-315,
-280,
-658,
-717,
-367,
-266,
-457,
-376,
-97,
-181,
-547,
-637,
-442,
-404,
-593,
-601,
-299,
-151,
-385,
-568,
-449,
-391,
-581,
-625,
-372,
-211,
-274,
-277,
-178,
-175,
-233,
-157,
-12,
-87,
-417,
-637,
-554,
-464,
-608,
-694,
-505,
-432,
-678,
-758,
-479,
-277,
-248,
-64,
145,
-12,
-335,
-385,
-211,
-78,
36,
198,
208,
-39,
-280,
-313,
-220,
-202,
-348,
-580,
-727,
-711,
-613,
-486,
-332,
-210,
-141,
-97,
-85,
-99,
-99,
-79,
-106,
-155,
-154,
-194,
-282,
-278,
-168,
-94,
-245,
-618,
-830,
-608,
-280,
-247,
-395,
-433,
-381,
-300,
-119,
20,
-90,
-354,
-514,
-457,
-253,
-117,
-230,
-432,
-476,
-497,
-650,
-679,
-483,
-417,
-605,
-643,
-425,
-295,
-338,
-330,
-224,
-197,
-302,
-361,
-301,
-301,
-396,
-379,
-285,
-461,
-835,
-870,
-468,
-150,
-286,
-592,
-547,
-218,
-75,
-221,
-288,
-148,
-119,
-225,
-163,
-57,
-243,
-492,
-365,
-134,
-220,
-371,
-322,
-346,
-492,
-466,
-369,
-394,
-299,
-29,
-16,
-360,
-624,
-635,
-579,
-512,
-440,
-479,
-541,
-385,
-170,
-274,
-493,
-440,
-263,
-201,
-136,
-12,
-13,
-133,
-110,
86,
115,
-182,
-501,
-582,
-455,
-222,
-112,
-244,
-378,
-294,
-221,
-363,
-498,
-396,
-233,
-198,
-147,
3,
56,
25,
89,
121,
-57,
-273,
-261,
-142,
-233,
-430,
-379,
-160,
-174,
-280,
-113,
118,
87,
-27,
-46,
-148,
-385,
-429,
-209,
-36,
36,
168,
304,
324,
289,
179,
-33,
-125,
2,
132,
148,
162,
177,
170,
243,
371,
384,
295,
223,
103,
-125,
-211,
34,
304,
281,
145,
189,
249,
95,
-24,
140,
306,
293,
343,
431,
277,
116,
349,
640,
507,
284,
398,
496,
342,
424,
816,
927,
739,
683,
661,
353,
54,
192,
473,
457,
339,
507,
782,
734,
495,
476,
567,
435,
227,
316,
578,
627,
574,
672,
719,
509,
321,
460,
675,
553,
254,
232,
386,
417,
454,
641,
706,
469,
266,
379,
588,
601,
450,
396,
507,
586,
560,
553,
591,
543,
405,
298,
260,
298,
419,
557,
609,
566,
499,
477,
551,
684,
722,
597,
437,
365,
373,
446,
575,
649,
604,
509,
456,
448,
276,
39,
127,
441,
482,
309,
337,
521,
600,
667,
841,
946,
864,
783,
819,
819,
720,
685,
778,
871,
901,
919,
871,
640,
324,
279,
570,
756,
611,
489,
612,
779,
904,
1028,
1048,
950,
810,
631,
503,
504,
590,
621,
559,
484,
444,
464,
539,
605,
650,
696,
708,
658,
717,
984,
1127,
945,
823,
933,
1002,
926,
890,
882,
749,
611,
615,
669,
702,
690,
613,
512,
495,
650,
819,
811,
705,
620,
571,
600,
683,
653,
498,
485,
653,
733,
616,
517,
538,
523,
473,
611,
780,
676,
475,
376,
290,
233,
228,
164,
59,
116,
287,
284,
60,
-51,
156,
357,
254,
11,
-150,
-197,
-121,
106,
287,
180,
-12,
54,
204,
55,
-223,
-204,
-45,
-36,
-50,
18,
-14,
-248,
-352,
-144,
-26,
-293,
-598,
-490,
-166,
-100,
-159,
6,
132,
-102,
-279,
-61,
40,
-236,
-392,
-217,
-67,
-103,
-99,
-58,
-222,
-511,
-598,
-410,
-224,
-323,
-565,
-598,
-420,
-379,
-445,
-277,
-19,
-47,
-254,
-359,
-411,
-494,
-484,
-377,
-400,
-641,
-812,
-758,
-646,
-625,
-593,
-518,
-611,
-865,
-888,
-582,
-356,
-476,
-680,
-708,
-680,
-748,
-844,
-829,
-709,
-653,
-757,
-838,
-817,
-969,
-1260,
-1317,
-1126,
-1069,
-1222,
-1282,
-1113,
-912,
-810,
-674,
-583,
-832,
-1199,
-1126,
-739,
-582,
-615,
-482,
-325,
-517,
-876,
-969,
-884,
-962,
-1125,
-1108,
-1021,
-1140,
-1352,
-1318,
-1079,
-957,
-1007,
-1052,
-1027,
-948,
-840,
-775,
-761,
-761,
-796,
-839,
-844,
-860,
-922,
-945,
-912,
-985,
-1140,
-1150,
-1021,
-982,
-1024,
-941,
-730,
-548,
-466,
-449,
-358,
-238,
-278,
-407,
-428,
-348,
-314,
-323,
-328,
-363,
-411,
-409,
-389,
-428,
-524,
-613,
-631,
-532,
-403,
-407,
-523,
-581,
-561,
-495,
-354,
-251,
-388,
-627,
-697,
-608,
-544,
-577,
-646,
-662,
-599,
-545,
-557,
-548,
-503,
-543,
-676,
-767,
-792,
-743,
-484,
-116,
34,
-77,
-206,
-252,
-249,
-150,
-72,
-215,
-481,
-566,
-398,
-183,
-90,
-171,
-420,
-655,
-674,
-556,
-475,
-404,
-293,
-214,
-187,
-154,
-85,
-82,
-182,
-208,
-52,
83,
22,
-46,
-14,
5,
-36,
-96,
-185,
-316,
-387,
-305,
-150,
-82,
-152,
-213,
-139,
-40,
-32,
-74,
-72,
-7,
24,
-13,
-36,
-22,
-58,
-160,
-183,
-86,
26,
52,
46,
15,
-151,
-270,
-145,
-46,
-182,
-237,
14,
276,
379,
441,
444,
349,
346,
477,
444,
222,
180,
329,
388,
362,
353,
255,
10,
-165,
-115,
-14,
7,
47,
214,
349,
292,
174,
150,
173,
212,
311,
377,
312,
274,
354,
395,
350,
369,
436,
348,
255,
345,
371,
273,
363,
644,
722,
566,
515,
641,
745,
683,
543,
454,
356,
219,
216,
397,
532,
476,
414,
485,
527,
376,
231,
285,
397,
423,
491,
731,
953,
911,
759,
733,
717,
541,
447,
582,
648,
521,
509,
785,
1058,
977,
707,
606,
625,
544,
514,
728,
941,
898,
778,
784,
820,
762,
726,
782,
764,
579,
426,
518,
702,
716,
588,
493,
468,
412,
358,
401,
515,
641,
781,
923,
1007,
946,
847,
926,
1110,
1120,
961,
992,
1225,
1298,
1165,
1022,
908,
779,
678,
694,
761,
688,
440,
328,
543,
802,
865,
860,
884,
837,
781,
915,
1064,
965,
781,
738,
657,
473,
438,
518,
464,
365,
375,
389,
394,
454,
464,
378,
346,
501,
700,
766,
834,
1026,
1144,
1025,
889,
960,
1062,
941,
706,
584,
538,
384,
240,
290,
352,
290,
215,
213,
220,
211,
250,
350,
448,
493,
523,
612,
701,
648,
536,
572,
672,
607,
456,
451,
491,
355,
191,
298,
535,
456,
98,
-44,
78,
109,
110,
346,
646,
627,
446,
545,
809,
771,
464,
334,
378,
293,
166,
207,
283,
182,
22,
42,
103,
17,
28,
269,
413,
289,
172,
258,
409,
490,
492,
492,
573,
563,
355,
214,
290,
247,
-89,
-238,
15,
105,
-184,
-263,
119,
337,
61,
-196,
-67,
128,
99,
56,
241,
418,
311,
176,
240,
178,
-184,
-337,
-71,
76,
-99,
-160,
-6,
0,
-181,
-214,
-48,
-4,
-218,
-406,
-307,
-89,
-47,
-147,
-206,
-260,
-413,
-541,
-457,
-248,
-176,
-265,
-368,
-446,
-505,
-549,
-529,
-452,
-501,
-668,
-674,
-522,
-511,
-617,
-591,
-534,
-649,
-821,
-814,
-674,
-681,
-805,
-799,
-675,
-657,
-720,
-648,
-552,
-665,
-804,
-701,
-524,
-579,
-750,
-800,
-747,
-715,
-691,
-638,
-628,
-739,
-839,
-817,
-798,
-907,
-983,
-821,
-586,
-585,
-820,
-961,
-854,
-781,
-887,
-946,
-811,
-694,
-705,
-718,
-737,
-833,
-894,
-844,
-783,
-810,
-867,
-898,
-907,
-827,
-660,
-571,
-625,
-690,
-720,
-794,
-910,
-952,
-867,
-746,
-721,
-793,
-837,
-842,
-871,
-879,
-902,
-1040,
-1181,
-1168,
-1031,
-974,
-1027,
-1051,
-1006,
-931,
-903,
-911,
-897,
-838,
-770,
-744,
-729,
-682,
-712,
-822,
-856,
-858,
-1010,
-1182,
-1088,
-848,
-835,
-1041,
-1196,
-1207,
-1192,
-1156,
-1040,
-910,
-815,
-732,
-700,
-754,
-780,
-671,
-546,
-579,
-692,
-733,
-763,
-825,
-828,
-802,
-865,
-945,
-941,
-930,
-943,
-855,
-731,
-722,
-752,
-694,
-656,
-754,
-835,
-758,
-645,
-641,
-740,
-819,
-827,
-822,
-798,
-732,
-655,
-667,
-770,
-791,
-672,
-549,
-524,
-539,
-579,
-614,
-590,
-567,
-632,
-696,
-699,
-713,
-729,
-697,
-691,
-707,
-624,
-494,
-544,
-692,
-648,
-462,
-351,
-295,
-236,
-245,
-346,
-408,
-356,
-256,
-213,
-281,
-359,
-361,
-332,
-311,
-227,
-113,
-115,
-195,
-186,
-153,
-266,
-361,
-213,
-69,
-179,
-290,
-179,
-105,
-216,
-228,
-14,
64,
-161,
-314,
-124,
101,
61,
10,
153,
218,
71,
-1,
109,
144,
22,
-36,
32,
57,
-23,
-65,
47,
192,
199,
163,
207,
235,
196,
214,
330,
458,
578,
660,
635,
488,
271,
130,
240,
451,
432,
247,
201,
234,
180,
229,
453,
530,
319,
177,
306,
437,
425,
453,
578,
641,
572,
512,
553,
603,
553,
446,
473,
568,
549,
533,
663,
777,
710,
626,
664,
659,
546,
509,
628,
748,
707,
612,
644,
777,
863,
832,
720,
661,
706,
756,
785,
849,
896,
885,
938,
1037,
965,
781,
795,
1018,
1123,
988,
889,
930,
901,
834,
917,
1014,
935,
860,
1013,
1220,
1230,
1106,
1045,
1090,
1147,
1129,
1083,
1072,
1032,
942,
951,
1110,
1208,
1135,
1060,
1060,
1007,
903,
928,
1084,
1194,
1214,
1226,
1240,
1205,
1172,
1194,
1255,
1277,
1221,
1206,
1298,
1345,
1295,
1310,
1395,
1386,
1276,
1223,
1226,
1244,
1322,
1448,
1474,
1366,
1270,
1262,
1260,
1216,
1167,
1175,
1194,
1172,
1189,
1222,
1146,
1052,
1095,
1207,
1244,
1248,
1342,
1449,
1408,
1305,
1358,
1497,
1505,
1420,
1371,
1288,
1133,
1076,
1184,
1255,
1149,
1048,
1094,
1111,
1030,
1025,
1090,
1048,
952,
1020,
1211,
1275,
1214,
1197,
1212,
1125,
1018,
1035,
1042,
949,
921,
998,
1042,
1035,
1048,
1080,
1039,
903,
770,
798,
951,
1043,
1081,
1140,
1148,
1045,
927,
910,
928,
815,
606,
504,
541,
579,
559,
541,
540,
485,
439,
483,
527,
475,
450,
538,
574,
517,
517,
562,
574,
595,
636,
585,
443,
379,
407,
390,
293,
234,
285,
339,
268,
127,
81,
120,
166,
253,
336,
229,
15,
-10,
152,
196,
68,
-28,
-28,
-14,
7,
65,
120,
147,
144,
65,
-60,
-133,
-141,
-104,
-21,
88,
104,
39,
69,
169,
158,
37,
-27,
-58,
-170,
-257,
-206,
-154,
-208,
-237,
-175,
-186,
-315,
-355,
-320,
-405,
-566,
-562,
-428,
-371,
-424,
-456,
-429,
-411,
-440,
-517,
-605,
-629,
-622,
-616,
-586,
-543,
-592,
-741,
-786,
-650,
-546,
-563,
-596,
-614,
-703,
-817,
-795,
-686,
-668,
-743,
-761,
-689,
-714,
-871,
-975,
-993,
-1060,
-1159,
-1105,
-964,
-987,
-1108,
-1079,
-905,
-872,
-1028,
-1132,
-1126,
-1150,
-1227,
-1217,
-1117,
-1131,
-1208,
-1125,
-997,
-1051,
-1169,
-1097,
-951,
-933,
-951,
-983,
-1107,
-1189,
-1156,
-1120,
-1131,
-1117,
-1134,
-1228,
-1279,
-1297,
-1424,
-1551,
-1516,
-1423,
-1451,
-1539,
-1494,
-1388,
-1398,
-1400,
-1279,
-1230,
-1363,
-1481,
-1406,
-1293,
-1282,
-1297,
-1292,
-1340,
-1442,
-1459,
-1403,
-1425,
-1436,
-1314,
-1184,
-1177,
-1232,
-1250,
-1233,
-1223,
-1207,
-1187,
-1201,
-1251,
-1279,
-1233,
-1179,
-1231,
-1323,
-1308,
-1225,
-1218,
-1357,
-1527,
-1527,
-1374,
-1263,
-1224,
-1196,
-1232,
-1338,
-1334,
-1204,
-1159,
-1252,
-1296,
-1239,
-1282,
-1387,
-1287,
-1108,
-1162,
-1344,
-1387,
-1302,
-1260,
-1268,
-1216,
-1143,
-1165,
-1232,
-1187,
-1093,
-1094,
-1144,
-1099,
-1016,
-1053,
-1191,
-1244,
-1167,
-1109,
-1146,
-1176,
-1144,
-1124,
-1124,
-1056,
-963,
-985,
-1047,
-1029,
-998,
-1012,
-1005,
-905,
-754,
-722,
-822,
-935,
-993,
-1018,
-1031,
-1032,
-979,
-912,
-906,
-958,
-983,
-915,
-803,
-716,
-651,
-632,
-727,
-837,
-796,
-632,
-525,
-527,
-585,
-674,
-710,
-685,
-708,
-784,
-785,
-694,
-663,
-708,
-695,
-653,
-642,
-600,
-490,
-410,
-443,
-474,
-354,
-196,
-204,
-343,
-430,
-407,
-348,
-278,
-231,
-312,
-461,
-449,
-251,
-180,
-348,
-462,
-385,
-336,
-401,
-350,
-130,
-30,
-138,
-192,
-123,
-152,
-254,
-205,
-79,
-80,
-109,
-57,
-45,
-90,
-65,
10,
36,
36,
33,
20,
68,
168,
256,
339,
444,
458,
333,
247,
274,
262,
205,
261,
384,
369,
295,
364,
444,
393,
344,
398,
447,
446,
470,
548,
600,
569,
557,
664,
799,
822,
745,
640,
570,
541,
552,
628,
709,
715,
701,
781,
862,
808,
745,
824,
957,
1003,
953,
861,
798,
834,
912,
936,
925,
889,
808,
789,
879,
902,
813,
785,
861,
912,
923,
961,
972,
908,
910,
1010,
1030,
974,
975,
977,
901,
871,
901,
894,
872,
886,
941,
1009,
1011,
965,
977,
1059,
1146,
1213,
1234,
1180,
1075,
990,
1050,
1180,
1183,
1123,
1147,
1145,
1072,
1085,
1164,
1187,
1162,
1113,
1062,
1021,
994,
1019,
1121,
1227,
1223,
1115,
1049,
1073,
1073,
1045,
1094,
1148,
1078,
1014,
1096,
1196,
1183,
1079,
979,
948,
1017,
1146,
1253,
1282,
1243,
1195,
1192,
1267,
1350,
1314,
1253,
1290,
1309,
1213,
1113,
1135,
1165,
1081,
1028,
1114,
1196,
1193,
1190,
1200,
1135,
1050,
1078,
1165,
1199,
1221,
1259,
1277,
1255,
1231,
1262,
1314,
1272,
1149,
1079,
1092,
1139,
1188,
1215,
1183,
1114,
1088,
1073,
1016,
978,
998,
1010,
964,
917,
890,
832,
792,
854,
921,
898,
863,
911,
1004,
1083,
1101,
1073,
1044,
1048,
1066,
1069,
1049,
980,
882,
825,
827,
835,
767,
676,
665,
698,
702,
677,
660,
673,
710,
722,
676,
558,
446,
468,
619,
704,
634,
537,
481,
454,
465,
508,
532,
527,
548,
620,
648,
583,
547,
622,
657,
509,
344,
386,
515,
551,
534,
488,
385,
304,
321,
378,
391,
344,
302,
317,
377,
397,
387,
395,
367,
303,
243,
210,
187,
185,
267,
385,
350,
189,
74,
70,
155,
229,
201,
123,
83,
75,
113,
167,
108,
6,
40,
155,
137,
-42,
-172,
-126,
-32,
-18,
-38,
-84,
-169,
-212,
-229,
-260,
-303,
-373,
-412,
-363,
-378,
-489,
-485,
-345,
-241,
-227,
-285,
-381,
-426,
-421,
-406,
-405,
-450,
-508,
-549,
-602,
-720,
-818,
-728,
-576,
-621,
-779,
-857,
-747,
-507,
-356,
-401,
-531,
-623,
-598,
-408,
-312,
-534,
-691,
-613,
-660,
-880,
-1101,
-1330,
-1407,
-1233,
-1109,
-1184,
-1485,
-2024,
-2143,
-1321,
-386,
-233,
-557,
-724,
-646,
-431,
-271,
-216,
-244,
-511,
-788,
-790,
-802,
-930,
-832,
-632,
-867,
-1446,
-1770,
-1483,
-1156,
-1833,
-2871,
-2626,
-1435,
-571,
-64,
41,
-664,
-1319,
-983,
73,
1054,
931,
-348,
-1000,
-422,
-310,
-932,
-992,
-677,
-737,
-1240,
-2058,
-2692,
-2821,
-2525,
-1836,
-1261,
-1611,
-2296,
-1781,
-514,
-93,
-578,
-939,
-525,
99,
-3,
-496,
-769,
-1026,
-1043,
-501,
-254,
-626,
-647,
-637,
-1521,
-2525,
-3129,
-3458,
-2599,
-1127,
-1226,
-2319,
-2172,
-1101,
-492,
-318,
-288,
-274,
-285,
-463,
-468,
-627,
-1244,
-1056,
280,
740,
-659,
-1851,
-1758,
-1428,
-966,
-251,
631,
1283,
707,
-306,
-103,
251,
-684,
-1202,
-622,
-529,
-528,
-503,
-936,
-554,
-45,
-1167,
-1895,
-1205,
-1561,
-1778,
-641,
-588,
-900,
-429,
-120,
835,
2358,
1872,
407,
958,
243,
-1884,
-1311,
-765,
-65,
2272,
2413,
2068,
5757,
13365,
20374,
22034,
19483,
16893,
14719,
12449,
9387,
-741,
-18692,
-30006,
-31250,
-31241,
-31237,
-31000,
-26146,
-15997,
-13959,
-19607,
-12176,
8473,
20111,
19728,
16490,
16093,
20829,
27274,
31008,
31641,
29148,
20624,
5159,
-8295,
-14478,
-20687,
-26939,
-26930,
-22077,
-17587,
-15460,
-13647,
-8669,
-1792,
2415,
3576,
4273,
5768,
9740,
15819,
17912,
13809,
9665,
8700,
5397,
-5041,
-17283,
-23490,
-25205,
-25558,
-21678,
-10692,
5437,
20666,
24834,
9694,
-11908,
-11903,
7006,
21655,
24311,
15574,
-538,
-7388,
-947,
2503,
323,
-2847,
-7383,
-6499,
1115,
8053,
13380,
12959,
861,
-8469,
955,
11727,
8327,
3626,
3622,
1064,
-11,
6272,
12355,
10101,
-659,
-16643,
-26448,
-18106,
-4911,
-7452,
-17681,
-17493,
-10656,
-8216,
-6134,
2192,
12667,
19782,
23009,
24639,
28547,
31673,
23147,
1853,
-4875,
11935,
22695,
8370,
-19127,
-30702,
-30785,
-29103,
-20943,
-3879,
-2325,
-20314,
-23493,
-5220,
829,
-10218,
-8518,
9616,
15333,
896,
-8678,
5632,
24629,
27185,
11850,
-12137,
-27106,
-20870,
398,
16688,
14243,
-4623,
-20291,
-18627,
-8502,
-534,
7408,
16958,
19586,
8417,
-8329,
-12735,
-1626,
8654,
6893,
-2340,
-11655,
-16436,
-13109,
-4610,
861,
1756,
3615,
8121,
10468,
6252,
-996,
-756,
9618,
18865,
18018,
9105,
495,
-1584,
1273,
3143,
2625,
2997,
3560,
-748,
-8260,
-9065,
457,
10385,
10169,
2672,
-466,
2222,
4117,
6421,
11154,
11857,
5574,
1857,
6771,
10920,
8373,
4972,
3320,
842,
-554,
748,
302,
-3680,
-6012,
-3869,
-754,
144,
-831,
-2566,
-5164,
-6797,
-3063,
3730,
5397,
1983,
1996,
8200,
13538,
12099,
6486,
3729,
8525,
18137,
23151,
17408,
3912,
-7344,
-7556,
2066,
7819,
144,
-9109,
-6157,
-1732,
-6877,
-10714,
-4959,
1850,
5333,
6870,
2885,
-5398,
-8388,
-2831,
4287,
7590,
6751,
1918,
-2745,
-142,
6791,
8830,
6257,
6235,
8795,
7979,
2073,
-4460,
-5046,
-680,
-846,
-7483,
-9435,
-660,
8988,
8444,
-1249,
-10514,
-11565,
-3573,
6574,
9772,
5518,
388,
-2104,
-1585,
2253,
6860,
8638,
7486,
4002,
-950,
-3406,
-2136,
-1702,
-4467,
-6133,
-3278,
-819,
-3445,
-6545,
-3474,
3048,
3758,
-3399,
-9687,
-8950,
-6490,
-5898,
-2442,
2827,
3711,
1741,
1148,
557,
-1273,
-2311,
-2559,
-2950,
-2737,
-1487,
1656,
5651,
6564,
3049,
-2259,
-5967,
-6452,
-3018,
3134,
7080,
5533,
1749,
1299,
3681,
4294,
3047,
2942,
3521,
1753,
-1943,
-3149,
-546,
2399,
3399,
2307,
-1340,
-5261,
-5167,
-2953,
-3562,
-5504,
-3491,
1954,
4593,
2613,
1231,
3776,
5636,
2289,
-1397,
362,
3634,
3237,
385,
-1209,
-23,
1308,
-1106,
-5479,
-6088,
-3280,
-1285,
403,
2045,
-190,
-5661,
-7646,
-4108,
-266,
927,
1441,
1761,
-46,
-2875,
-2448,
1908,
4482,
1037,
-3748,
-3916,
-2837,
-3768,
-2250,
1394,
-701,
-8690,
-13070,
-9834,
-4831,
-3353,
-4008,
-2534,
1065,
2495,
392,
-1298,
470,
3275,
4248,
4485,
4605,
3245,
1781,
2440,
3451,
2755,
2059,
2332,
1465,
-1183,
-3399,
-2924,
-379,
647,
-1823,
-5561,
-6006,
-1879,
1957,
2253,
1753,
2108,
1706,
1436,
2478,
1106,
-3900,
-5694,
-762,
4241,
3318,
-938,
-2990,
-2082,
-1157,
-2516,
-5825,
-7852,
-5358,
614,
5000,
3143,
-4091,
-7841,
-1574,
7034,
7631,
2446,
-106,
432,
-584,
-2648,
-3279,
-3043,
-2326,
-507,
1547,
1711,
-954,
-4626,
-5613,
-2812,
-721,
-2260,
-3378,
-1628,
-214,
554,
4499,
11490,
16382,
15431,
8541,
-1847,
-11174,
-14372,
-8923,
613,
5289,
3910,
2744,
2852,
285,
-3851,
-4986,
-3628,
-3913,
-6988,
-10286,
-9607,
-3258,
4093,
7679,
9279,
10944,
9298,
3603,
-587,
-3140,
-8474,
-11894,
-6760,
2332,
7858,
8241,
4047,
-2852,
-7746,
-8294,
-7500,
-7252,
-4443,
2474,
8778,
10424,
9291,
8302,
6489,
1945,
-2930,
-3234,
661,
2990,
1569,
-289,
-103,
1291,
1564,
-918,
-4133,
-4481,
-3006,
-2860,
-2335,
1624,
6952,
9447,
8176,
4800,
1020,
-1729,
-2392,
-859,
2292,
5340,
5286,
1286,
-3211,
-4374,
-1798,
2120,
4003,
3062,
2092,
2231,
1820,
1723,
3723,
5332,
4096,
1531,
-738,
-2571,
-3677,
-3668,
-2214,
1080,
4594,
5175,
3461,
2791,
2521,
-170,
-3991,
-5109,
-2330,
2250,
5425,
5668,
4880,
4854,
4467,
3648,
4273,
5505,
4638,
1237,
-3013,
-4974,
-1910,
3553,
5311,
2334,
-841,
-1056,
768,
1613,
-527,
-3699,
-4148,
-1908,
-692,
-1383,
-1005,
1190,
2973,
3623,
4225,
4649,
3114,
-457,
-2721,
-1479,
-192,
-2259,
-3659,
-483,
2747,
1627,
-1479,
-2963,
-2274,
-755,
496,
1594,
2824,
3680,
3885,
3628,
2439,
416,
-880,
-1586,
-2938,
-3374,
-1608,
-139,
-208,
867,
3589,
4577,
2110,
-2487,
-6233,
-5936,
-2415,
124,
299,
294,
1661,
3636,
4692,
3750,
1064,
-1475,
-2822,
-3891,
-4205,
-1795,
2302,
4906,
5859,
7135,
8144,
6543,
2427,
-306,
914,
2282,
455,
-885,
917,
2431,
2288,
3127,
4208,
2184,
-1600,
-2876,
-1041,
1243,
1526,
-68,
-1154,
-810,
-158,
829,
2366,
1890,
-2004,
-4553,
-1050,
4839,
7424,
7314,
6897,
5272,
2582,
1449,
2283,
3392,
3822,
2861,
396,
-2768,
-5732,
-6294,
-2681,
2089,
3891,
4044,
5435,
5885,
2893,
-79,
193,
1062,
1604,
4166,
5369,
1419,
-2019,
21,
2845,
3081,
3577,
4288,
1946,
-1790,
-2755,
-1485,
-1099,
-1357,
965,
5936,
9819,
9870,
7231,
5958,
7074,
7321,
5615,
3448,
702,
-3030,
-5539,
-4833,
-2439,
-1425,
-2502,
-2912,
-1554,
-1700,
-4031,
-4494,
-1359,
2918,
5492,
4406,
319,
-2214,
-205,
3561,
5342,
5268,
5643,
6846,
7276,
5894,
3497,
1642,
742,
583,
93,
-2354,
-5016,
-4350,
-1567,
-612,
-1363,
-1354,
-1022,
-1145,
-24,
1941,
1282,
-1507,
-1647,
1519,
4141,
4588,
4157,
3113,
424,
-2047,
-1468,
-57,
-747,
-1037,
1734,
4645,
4277,
1381,
-1887,
-4218,
-5007,
-3890,
-836,
2702,
5446,
7544,
8062,
5280,
247,
-2514,
-631,
1969,
1050,
-2170,
-3981,
-2275,
2347,
6273,
5508,
211,
-4814,
-5212,
-1504,
1818,
825,
-3127,
-4511,
-1487,
1468,
908,
-584,
1033,
4875,
6625,
4846,
2584,
2424,
4024,
6050,
5908,
1040,
-5654,
-6523,
-125,
5639,
4719,
-886,
-4842,
-3008,
2439,
5403,
2630,
-1845,
-1893,
1581,
3381,
1500,
-1821,
-2268,
1096,
2428,
-3651,
-11769,
-10987,
-1880,
4917,
4558,
728,
-1614,
-723,
2059,
3824,
2803,
716,
539,
1910,
2198,
1919,
4046,
7922,
9320,
5263,
-3983,
-13579,
-16422,
-10961,
-3518,
-1262,
-4698,
-7431,
-4449,
1564,
5156,
4777,
2122,
-1313,
-4595,
-6238,
-4830,
-687,
3082,
2977,
-610,
-3882,
-4706,
-3873,
-1365,
2521,
4174,
1219,
-3330,
-4432,
-723,
3907,
4660,
888,
-3419,
-4581,
-3893,
-3648,
-2734,
-1159,
-1876,
-4922,
-6993,
-6942,
-5420,
-2184,
1386,
1933,
-1305,
-4404,
-2656,
3045,
6765,
5720,
3073,
1796,
339,
-2907,
-5145,
-3489,
-836,
-1452,
-4289,
-6683,
-9052,
-10330,
-6817,
-154,
2664,
50,
-1614,
941,
2830,
1195,
-598,
171,
2343,
3792,
2972,
-557,
-3806,
-2662,
1602,
4292,
3204,
-75,
-2419,
-3085,
-3361,
-3899,
-3975,
-2739,
-1344,
-422,
827,
1339,
145,
-1110,
-800,
273,
883,
1383,
1005,
-1369,
-3527,
-3419,
-2405,
-1856,
-1371,
-1021,
-1536,
-2428,
-2613,
-2286,
-1820,
-591,
819,
852,
441,
1837,
3941,
3925,
2752,
2567,
2784,
3329,
3638,
809,
-4476,
-7174,
-5844,
-4005,
-3161,
-2512,
-3723,
-7021,
-7724,
-3879,
0,
1151,
1817,
2595,
1446,
-460,
-63,
2205,
3804,
3821,
3197,
2630,
1318,
-494,
-516,
1513,
2972,
1656,
-2125,
-5919,
-8024,
-8508,
-7255,
-4058,
-767,
-121,
-1692,
-2360,
-518,
2508,
4177,
3791,
2999,
2401,
1241,
417,
1183,
2685,
3518,
2779,
166,
-2263,
-2323,
-1594,
-1512,
-259,
1445,
389,
-1369,
485,
3367,
2243,
-514,
1039,
5043,
5017,
480,
-4190,
-5617,
-2917,
2280,
5964,
4437,
-1158,
-4627,
-2630,
734,
1354,
870,
1397,
1719,
542,
-1101,
-1210,
728,
3676,
5823,
4905,
604,
-3837,
-4115,
267,
5135,
6275,
3617,
946,
695,
1681,
3258,
5403,
5919,
3112,
-345,
-1068,
-854,
-1511,
-184,
3213,
4170,
1346,
-2382,
-4740,
-4897,
-2319,
1659,
4012,
3681,
2185,
1331,
1938,
3907,
6212,
6806,
4636,
1458,
239,
1416,
1462,
-709,
-618,
2486,
3558,
1662,
808,
1603,
1319,
992,
2939,
5266,
5642,
4327,
2258,
72,
-1696,
-2159,
1,
4633,
8236,
7386,
3036,
-2003,
-6402,
-7841,
-3429,
3834,
6759,
3774,
243,
11,
875,
613,
640,
1544,
1033,
-1404,
-1969,
1018,
3784,
4101,
3122,
1784,
298,
-1603,
-3148,
-2669,
-528,
1561,
2827,
3028,
2074,
1733,
2965,
2250,
-1833,
-4253,
-2176,
775,
1871,
2158,
1799,
-367,
-2699,
-2404,
-47,
2086,
3362,
4386,
5066,
4400,
2286,
81,
-256,
1573,
2618,
1282,
261,
1315,
2733,
3065,
2690,
2205,
1955,
2471,
3506,
3316,
690,
-2255,
-2226,
163,
1537,
785,
-252,
513,
3111,
4765,
3170,
304,
-1188,
-1809,
-2304,
-2339,
-1861,
-787,
756,
1701,
1548,
1526,
1966,
2472,
3510,
3719,
1955,
1083,
2872,
4170,
2682,
441,
-707,
-1188,
-797,
781,
2075,
2059,
1757,
1725,
1263,
532,
-36,
-532,
-594,
-52,
846,
2260,
3910,
4441,
3022,
175,
-3131,
-5117,
-4168,
-1829,
-768,
-623,
281,
1273,
800,
-512,
-770,
835,
2686,
2222,
-182,
-2141,
-3402,
-3988,
-2301,
1337,
3907,
3582,
1338,
-1361,
-3924,
-4883,
-2295,
2538,
5255,
4437,
3081,
2550,
1329,
-339,
2,
2707,
3352,
-1609,
-8027,
-9092,
-5243,
-1919,
-467,
974,
1768,
603,
-1497,
-2228,
-620,
2067,
4889,
7614,
8686,
6331,
2483,
1385,
2400,
1540,
-1230,
-3262,
-3868,
-3613,
-2246,
-711,
-1720,
-4957,
-6271,
-3744,
-1068,
-2035,
-4269,
-3379,
-219,
1596,
1719,
2387,
4066,
4872,
3729,
1644,
-84,
-774,
117,
2452,
4542,
4222,
1387,
-1545,
-2960,
-3374,
-2749,
-940,
663,
1701,
2922,
2963,
379,
-2964,
-4349,
-3524,
-2070,
-1506,
-1892,
-1742,
-584,
-167,
-926,
-578,
1144,
642,
-2702,
-4418,
-2868,
-629,
822,
1467,
1618,
1598,
908,
-675,
-1126,
999,
2693,
1440,
-468,
-565,
858,
2977,
5079,
5185,
2264,
-1526,
-4038,
-4629,
-3158,
-1303,
-1084,
-2090,
-2680,
-1550,
1678,
4994,
5200,
2350,
-124,
-521,
-43,
383,
769,
1006,
1750,
3618,
4488,
1415,
-4431,
-8689,
-9201,
-6708,
-2942,
-255,
354,
552,
1707,
2573,
1970,
873,
717,
1954,
3507,
3293,
1304,
787,
3234,
4874,
2325,
-2544,
-5385,
-4687,
-3396,
-4337,
-6063,
-5532,
-2555,
276,
938,
-158,
-1061,
-1011,
-1229,
-2251,
-3432,
-3677,
-1264,
3179,
5720,
4238,
1148,
200,
1612,
1880,
-609,
-2939,
-2544,
-378,
1981,
3415,
2736,
787,
525,
2049,
1960,
-489,
-2657,
-3530,
-4328,
-4692,
-2695,
265,
267,
-3036,
-5877,
-5385,
-3086,
-1877,
-1444,
-180,
762,
-356,
-1494,
378,
3527,
4603,
4349,
4704,
4605,
2809,
822,
580,
1794,
2978,
3328,
2806,
1560,
-409,
-2163,
-2078,
-1206,
-2285,
-4712,
-4972,
-2532,
-850,
-755,
367,
1906,
1336,
150,
1001,
2319,
1819,
508,
-740,
-2270,
-2781,
-1660,
-578,
53,
612,
-21,
-1862,
-2612,
-1127,
1042,
2629,
3550,
2984,
1309,
778,
1230,
865,
138,
218,
163,
-1123,
-2275,
-1863,
-53,
2119,
2757,
1245,
-348,
81,
1810,
2391,
1096,
-969,
-2905,
-4426,
-5131,
-4131,
-1815,
-490,
-1062,
-2162,
-3031,
-3893,
-3903,
-1774,
1519,
2955,
1003,
-1828,
-1312,
3316,
8421,
9715,
5883,
-243,
-4667,
-5914,
-4071,
-630,
425,
-2586,
-5404,
-3846,
-286,
368,
-1894,
-2946,
-1727,
-997,
-1321,
-1316,
-1585,
-2763,
-2869,
-331,
2525,
2757,
1315,
691,
114,
-2633,
-6149,
-6714,
-3558,
653,
2822,
1989,
-248,
-1657,
-839,
2248,
5555,
5863,
2532,
-1043,
-1860,
-1072,
-846,
-591,
880,
2251,
1486,
-1188,
-3532,
-3815,
-2255,
-416,
92,
-889,
-2101,
-2648,
-2028,
184,
2876,
3977,
3335,
2634,
2531,
2547,
2979,
4049,
4456,
2817,
-209,
-2415,
-2806,
-2200,
-1472,
-1003,
-808,
-726,
-892,
-1641,
-2407,
-1929,
-280,
1240,
2283,
2965,
2289,
286,
-108,
2337,
3888,
1527,
-2301,
-4030,
-4124,
-4062,
-2681,
819,
4096,
4502,
2448,
-44,
-1846,
-2011,
417,
3926,
5042,
2768,
-96,
-761,
701,
2956,
4549,
3371,
-784,
-3958,
-2773,
374,
1430,
1019,
1850,
3380,
3788,
2898,
1315,
308,
1256,
2998,
2710,
115,
-2662,
-4281,
-3905,
-1229,
1195,
446,
-1503,
-437,
2496,
3194,
2502,
3832,
5990,
5053,
948,
-2192,
-2038,
-634,
155,
255,
-843,
-2870,
-3219,
-585,
1555,
121,
-2073,
-1159,
1986,
4326,
5056,
5318,
5646,
5309,
3112,
-333,
-2140,
-1497,
-285,
206,
-624,
-2758,
-4373,
-3208,
178,
2535,
2449,
1755,
1933,
1986,
1062,
299,
433,
50,
-1636,
-2867,
-2629,
-2977,
-4773,
-4681,
-1339,
1323,
1041,
175,
549,
961,
967,
2316,
4894,
6252,
5807,
5607,
6360,
5266,
924,
-2912,
-2788,
-993,
-1827,
-5129,
-6693,
-4483,
-960,
1000,
1338,
1320,
1442,
1668,
1966,
1685,
-103,
-2248,
-1876,
1446,
4740,
5429,
3980,
1954,
-753,
-4461,
-7018,
-5870,
-2112,
709,
979,
-338,
-1602,
-1467,
467,
2803,
3574,
2852,
2157,
1600,
405,
-462,
511,
2604,
4041,
4094,
2530,
-313,
-2451,
-2290,
-876,
390,
1428,
1957,
1809,
1578,
1117,
-121,
-1151,
-780,
71,
-167,
-925,
-620,
329,
199,
-1117,
-2212,
-2455,
-2252,
-1629,
-465,
775,
1343,
1333,
1680,
2368,
2339,
1121,
-444,
-1034,
-976,
-1461,
-1597,
254,
3175,
4824,
4885,
4307,
2262,
-1706,
-4683,
-3897,
-851,
1175,
1458,
1276,
1002,
394,
-105,
-219,
-410,
-876,
-1515,
-2647,
-3644,
-2707,
162,
2640,
2997,
2304,
2300,
2077,
686,
-81,
852,
1721,
917,
-465,
-377,
738,
528,
-1110,
-1671,
-1353,
-2935,
-5334,
-4526,
-313,
3091,
2769,
449,
-677,
49,
1457,
2589,
2714,
1143,
-1460,
-3065,
-2596,
-884,
1379,
3960,
4758,
2184,
-975,
-1268,
457,
1752,
1854,
329,
-2529,
-4157,
-2926,
-693,
301,
148,
-176,
-523,
-783,
-563,
32,
654,
1125,
1468,
1782,
1806,
1209,
903,
1954,
2762,
1225,
-1482,
-2632,
-1825,
-1043,
-1664,
-3064,
-3691,
-2937,
-1971,
-1522,
-900,
-116,
10,
-35,
835,
1546,
525,
-734,
-293,
631,
-21,
-1859,
-2887,
-2097,
199,
2840,
3917,
2310,
-577,
-1356,
1471,
4858,
4856,
1736,
-1060,
-1929,
-2155,
-2306,
-1334,
266,
489,
-797,
-2347,
-3641,
-3709,
-957,
3491,
5284,
2567,
-962,
-1099,
1642,
3473,
2276,
-562,
-2820,
-3578,
-2953,
-1445,
182,
989,
559,
-820,
-2233,
-2926,
-2702,
-803,
2565,
4178,
1930,
-1669,
-2995,
-1539,
1017,
3054,
3165,
707,
-2500,
-3757,
-2905,
-1363,
423,
2135,
2595,
1227,
-704,
-1349,
-403,
609,
256,
-1042,
-2001,
-2041,
-905,
1200,
2976,
3162,
1877,
294,
-470,
-263,
44,
76,
643,
1985,
3246,
3889,
3858,
2884,
933,
-1198,
-2678,
-3197,
-2423,
-492,
1322,
1655,
523,
-848,
-1747,
-2261,
-2326,
-2158,
-2361,
-2865,
-2873,
-1876,
207,
3047,
5160,
5418,
4655,
3298,
1021,
-161,
2001,
5153,
5390,
3106,
1142,
245,
-209,
-328,
-535,
-1575,
-3249,
-4272,
-3566,
-1514,
337,
1111,
1433,
1668,
1251,
677,
1131,
1729,
792,
-1067,
-1850,
-859,
1168,
3417,
4565,
3157,
78,
-2048,
-2048,
-810,
413,
1168,
1468,
1477,
1604,
2431,
4329,
6304,
6086,
2869,
-1111,
-2922,
-1850,
753,
2904,
3158,
1829,
660,
425,
-119,
-1866,
-3183,
-2119,
-35,
252,
-1038,
-1584,
-924,
-215,
313,
1107,
1442,
411,
-490,
470,
1908,
1687,
277,
-555,
-170,
1136,
2768,
3481,
2440,
412,
-1213,
-1724,
-1033,
406,
1287,
984,
645,
994,
1678,
2548,
2802,
1152,
-1434,
-2284,
-1432,
-1263,
-1624,
-902,
-154,
-1107,
-2572,
-1975,
936,
3550,
3437,
1424,
594,
1727,
2621,
2367,
2109,
1647,
-125,
-1825,
-1133,
1038,
1836,
411,
-1587,
-2915,
-3911,
-4066,
-1915,
1153,
1755,
238,
214,
2126,
2894,
1505,
272,
886,
2035,
1933,
660,
-772,
-1950,
-2820,
-2399,
-283,
1492,
1373,
802,
1519,
2045,
386,
-1754,
-1948,
-738,
399,
730,
-178,
-1778,
-2154,
-1018,
-771,
-2225,
-3311,
-2213,
319,
2042,
2569,
3238,
3921,
2867,
-37,
-2393,
-2849,
-2329,
-1561,
-565,
135,
133,
113,
303,
25,
-679,
-1623,
-3141,
-4890,
-5459,
-4046,
-1711,
-306,
-738,
-1860,
-2034,
-1710,
-1624,
-797,
854,
1320,
87,
-555,
467,
1361,
419,
-1749,
-3043,
-2874,
-2428,
-1901,
-895,
-146,
-149,
180,
1544,
2437,
1449,
-274,
-1031,
-1268,
-2366,
-3743,
-3576,
-1823,
-11,
679,
389,
-213,
-1390,
-2854,
-3180,
-2490,
-2574,
-3628,
-3628,
-2068,
-903,
-594,
517,
2668,
3455,
1487,
-1000,
-1610,
-1233,
-1616,
-2221,
-1764,
-1112,
-1721,
-2790,
-2856,
-2493,
-2952,
-3758,
-3421,
-1347,
1311,
2609,
1954,
55,
-2134,
-2647,
-58,
3170,
3047,
-489,
-3718,
-4383,
-3605,
-2126,
511,
2565,
1356,
-1609,
-2611,
-2062,
-2264,
-2019,
129,
1716,
-56,
-3584,
-4808,
-2704,
534,
2969,
3500,
1602,
-1751,
-4438,
-5107,
-4126,
-2623,
-1389,
-637,
-433,
-931,
-1279,
-232,
1616,
2434,
1053,
-1891,
-4224,
-4540,
-3203,
-1263,
653,
2167,
2447,
1203,
-426,
-754,
294,
756,
-676,
-3023,
-4321,
-3873,
-2484,
-713,
920,
1138,
-255,
-1612,
-2119,
-2454,
-2385,
-1664,
-1292,
-1674,
-2070,
-1848,
-1011,
610,
2979,
4475,
3744,
1896,
718,
100,
-828,
-1274,
-314,
903,
899,
93,
-212,
-86,
-241,
-17,
1164,
1946,
813,
-1293,
-1675,
-183,
458,
-187,
-48,
712,
612,
633,
2102,
3379,
2044,
-1139,
-2703,
-1214,
864,
1122,
-59,
-890,
-444,
724,
1814,
2254,
1526,
233,
-377,
-612,
-1297,
-1039,
1343,
3256,
2114,
-270,
-1050,
-240,
1067,
2345,
2564,
1163,
-317,
-438,
38,
218,
298,
740,
1644,
2013,
676,
-1101,
-663,
1710,
3210,
3030,
2404,
1776,
883,
43,
-147,
286,
815,
990,
789,
671,
803,
454,
-740,
-1535,
-753,
21,
-1274,
-3077,
-2560,
-434,
746,
746,
811,
1076,
1270,
1575,
1538,
791,
290,
921,
2202,
2614,
1423,
82,
96,
498,
-66,
-479,
387,
1129,
745,
262,
495,
1047,
1200,
1026,
1171,
1422,
744,
-782,
-1377,
-189,
1226,
1594,
1615,
1944,
1966,
1221,
300,
32,
732,
1871,
2254,
1536,
566,
-2,
373,
1671,
2349,
1569,
615,
576,
717,
707,
1709,
3825,
5400,
4694,
1329,
-2206,
-2676,
-380,
1955,
2995,
2693,
1012,
-893,
-933,
582,
1164,
250,
-457,
51,
1042,
1331,
510,
-554,
11,
2148,
3129,
1727,
-749,
-2491,
-2247,
-627,
143,
-863,
-1909,
-1484,
-192,
1042,
1804,
2374,
3555,
5018,
5015,
2891,
704,
387,
1235,
1729,
1330,
80,
-1521,
-2289,
-1609,
-634,
-663,
-1292,
-1235,
-597,
-767,
-1585,
-895,
1640,
3223,
2425,
1205,
697,
45,
-382,
671,
2547,
3323,
2446,
1073,
275,
133,
547,
1749,
3391,
3967,
2531,
391,
-524,
-452,
-547,
-557,
-390,
-1078,
-2209,
-1863,
-123,
810,
128,
-856,
-928,
-534,
-818,
-1510,
-1216,
423,
2547,
4183,
4519,
3193,
1376,
925,
1566,
1438,
553,
693,
2000,
2613,
1870,
1129,
1380,
2146,
2539,
1849,
136,
-1622,
-2515,
-2337,
-1459,
-606,
-257,
-211,
121,
763,
1187,
1377,
1679,
1708,
723,
-705,
-1080,
-127,
1336,
2536,
2840,
2226,
1496,
1185,
619,
-1041,
-3074,
-3620,
-2175,
-468,
36,
62,
929,
2255,
2789,
2583,
2566,
2763,
2204,
688,
-495,
-185,
1232,
2123,
1306,
-574,
-2104,
-2581,
-1935,
-338,
1193,
1239,
-171,
-1629,
-1858,
-704,
1059,
2768,
3934,
4039,
2874,
1210,
284,
23,
-550,
-1301,
-1299,
-651,
-231,
-9,
322,
540,
696,
1159,
1825,
1914,
978,
-173,
-533,
-282,
27,
309,
158,
-766,
-1622,
-1639,
-1296,
-1310,
-1487,
-1202,
-520,
157,
1100,
2171,
1943,
161,
-1153,
-974,
-205,
617,
1314,
1025,
-522,
-1912,
-1730,
-320,
687,
302,
-514,
-712,
-896,
-1472,
-1426,
-201,
1008,
1220,
1035,
949,
547,
-179,
-529,
-391,
-387,
-649,
-700,
-393,
-266,
-623,
-759,
-228,
172,
-22,
-120,
98,
-95,
-782,
-1115,
-759,
-355,
-231,
-205,
-676,
-1703,
-2014,
-961,
64,
-17,
126,
1647,
2810,
1942,
451,
-33,
-424,
-1415,
-1888,
-1725,
-2023,
-2310,
-1190,
764,
1711,
1480,
1480,
2077,
2083,
852,
-749,
-1671,
-1826,
-1961,
-2463,
-2553,
-1496,
-101,
131,
-886,
-1945,
-2444,
-2234,
-1184,
-43,
163,
-274,
-168,
550,
794,
243,
-534,
-999,
-973,
-1129,
-2286,
-3673,
-3562,
-1990,
-757,
-938,
-1986,
-2666,
-2308,
-1242,
-152,
497,
446,
-82,
-304,
-86,
-437,
-1494,
-1901,
-1416,
-1301,
-1766,
-1940,
-1639,
-1092,
-690,
-1073,
-1713,
-1113,
493,
1176,
270,
-957,
-1382,
-1221,
-1375,
-2307,
-3345,
-3224,
-1864,
-741,
-969,
-2153,
-3248,
-3580,
-3115,
-2057,
-883,
-385,
-762,
-1199,
-1055,
-769,
-826,
-631,
-78,
-369,
-1845,
-3154,
-3165,
-1984,
-336,
700,
250,
-1149,
-1919,
-1474,
-1023,
-1720,
-2558,
-2109,
-1324,
-1679,
-2408,
-2325,
-2213,
-2837,
-3165,
-2445,
-1323,
-414,
-82,
-748,
-1955,
-2695,
-2727,
-2211,
-1181,
-41,
539,
509,
309,
-220,
-1359,
-2196,
-1810,
-1235,
-1953,
-3070,
-2745,
-1249,
-158,
182,
536,
597,
-512,
-1769,
-1793,
-1412,
-1891,
-2497,
-1816,
-283,
479,
108,
-70,
978,
1904,
635,
-1766,
-2043,
-62,
795,
-814,
-2398,
-2209,
-1707,
-2270,
-3008,
-2822,
-1876,
-510,
1063,
1596,
176,
-1670,
-1972,
-1171,
-805,
-878,
-750,
-858,
-1330,
-1260,
-567,
-187,
-275,
86,
646,
-125,
-2013,
-2856,
-1541,
691,
1884,
1458,
287,
-559,
-867,
-1148,
-1436,
-1366,
-894,
-232,
46,
-773,
-2366,
-3050,
-1947,
-484,
28,
241,
748,
715,
-148,
-498,
273,
789,
110,
-834,
-975,
-708,
-873,
-1036,
-266,
1030,
1791,
1989,
2181,
2249,
1779,
967,
201,
-331,
-157,
970,
2094,
1941,
495,
-1158,
-2325,
-3089,
-3157,
-1996,
-552,
-121,
-149,
271,
840,
1356,
2097,
2636,
2502,
1840,
684,
-291,
167,
1791,
3051,
2971,
1485,
-434,
-1147,
-538,
-504,
-1539,
-1801,
-507,
839,
920,
453,
1025,
2553,
3191,
1996,
39,
-1439,
-1680,
-342,
1374,
1735,
1139,
1256,
1817,
1387,
560,
847,
1902,
2375,
2074,
1694,
1311,
914,
1149,
2165,
2768,
1788,
322,
268,
1010,
658,
-644,
-1063,
-113,
585,
-260,
-1814,
-1977,
-310,
1290,
1614,
1269,
935,
873,
1390,
2145,
1954,
942,
1037,
2876,
4506,
3898,
1445,
-620,
-1012,
-450,
-44,
14,
24,
56,
268,
927,
1591,
1589,
1211,
1193,
1486,
1317,
459,
-193,
266,
1553,
2476,
2339,
1653,
1169,
1172,
1524,
1660,
1240,
694,
827,
1642,
1860,
956,
231,
699,
1460,
1254,
706,
1022,
1807,
2071,
1416,
-27,
-1530,
-1974,
-927,
676,
1484,
1098,
551,
977,
1715,
1525,
1023,
1420,
2020,
1403,
18,
-557,
166,
1625,
3037,
3378,
2128,
440,
-103,
482,
1081,
1091,
1002,
1580,
2470,
2421,
1301,
316,
16,
46,
202,
208,
-554,
-1897,
-2372,
-1215,
366,
1066,
1224,
1700,
2263,
2169,
1383,
617,
525,
981,
1607,
2249,
2338,
1458,
428,
304,
581,
34,
-823,
-703,
-133,
-254,
-643,
-492,
-148,
80,
663,
1443,
1850,
1940,
1817,
1438,
986,
773,
1108,
1959,
2735,
2615,
1393,
26,
-459,
102,
1191,
1801,
1377,
427,
-525,
-1618,
-2688,
-2816,
-1857,
-843,
-424,
-414,
-130,
749,
1373,
908,
-82,
-482,
-163,
252,
475,
393,
118,
487,
1928,
3137,
2507,
597,
-623,
-518,
-6,
187,
112,
11,
-22,
88,
216,
-55,
-570,
-432,
474,
1010,
618,
150,
468,
1255,
1450,
637,
-575,
-1497,
-1758,
-1058,
293,
1196,
1056,
539,
510,
966,
1036,
79,
-1281,
-2039,
-2124,
-1951,
-1562,
-913,
-415,
-79,
786,
1734,
1375,
-41,
-734,
-295,
-1,
-114,
449,
1675,
2178,
1388,
339,
-103,
-443,
-1094,
-1511,
-1375,
-1109,
-832,
-136,
568,
343,
-555,
-1086,
-826,
-23,
526,
-60,
-1192,
-1189,
39,
1133,
1619,
1716,
1071,
-486,
-1762,
-1472,
-40,
1315,
2147,
2301,
1469,
158,
-492,
-425,
-477,
-918,
-1518,
-1928,
-1512,
56,
1780,
2310,
1616,
523,
-382,
-622,
-40,
538,
340,
-256,
-530,
-99,
807,
1149,
423,
-686,
-1674,
-2569,
-2689,
-1283,
626,
1435,
1137,
711,
418,
-164,
-683,
-162,
1101,
1638,
933,
229,
378,
470,
-152,
-382,
584,
1405,
579,
-1067,
-1728,
-1339,
-885,
-394,
364,
1028,
1214,
779,
-121,
-921,
-1172,
-1081,
-1029,
-1202,
-1571,
-1638,
-1082,
-401,
-279,
-642,
-592,
317,
1535,
2264,
2003,
991,
238,
509,
1103,
962,
430,
255,
153,
-398,
-1070,
-1298,
-1321,
-1309,
-1070,
-1096,
-1875,
-2438,
-1433,
461,
1111,
40,
-1162,
-1038,
64,
712,
378,
-273,
-742,
-1152,
-1290,
-838,
-399,
-525,
-721,
-779,
-1292,
-2078,
-2216,
-1697,
-1427,
-1784,
-2308,
-2379,
-1653,
-537,
34,
-226,
-912,
-1638,
-1933,
-1498,
-738,
-145,
287,
778,
1308,
1418,
713,
-391,
-1114,
-1324,
-1371,
-1390,
-1398,
-1611,
-1910,
-1627,
-834,
-492,
-798,
-1120,
-1305,
-1287,
-657,
264,
593,
188,
-420,
-961,
-1270,
-1115,
-719,
-737,
-1419,
-2239,
-2507,
-1939,
-732,
302,
143,
-1192,
-2310,
-1899,
-377,
650,
433,
-501,
-1419,
-1924,
-2031,
-1951,
-1732,
-1513,
-1622,
-1913,
-1752,
-1156,
-1019,
-1619,
-2203,
-2277,
-2126,
-1887,
-1129,
312,
1652,
1713,
312,
-1215,
-1673,
-1602,
-1969,
-2456,
-2347,
-1696,
-985,
-687,
-849,
-715,
96,
594,
-90,
-1251,
-1675,
-1278,
-658,
-34,
473,
431,
-210,
-920,
-1234,
-1117,
-931,
-881,
-567,
90,
239,
-563,
-1555,
-1891,
-1556,
-1072,
-960,
-1237,
-1342,
-876,
-299,
-366,
-895,
-999,
-535,
-160,
-281,
-697,
-1026,
-1066,
-589,
325,
895,
708,
191,
-435,
-1139,
-1221,
-232,
680,
383,
-393,
-436,
-28,
-58,
-154,
390,
749,
-249,
-1888,
-2195,
-555,
1197,
1062,
-354,
-1164,
-1049,
-876,
-896,
-848,
-841,
-1097,
-1439,
-1417,
-916,
-329,
153,
721,
987,
277,
-1038,
-1705,
-1207,
-263,
254,
109,
-295,
-247,
450,
1076,
981,
456,
208,
431,
931,
1546,
2008,
1941,
1170,
27,
-826,
-944,
-429,
61,
-220,
-1171,
-1740,
-1220,
-55,
765,
727,
98,
-471,
-596,
-485,
-240,
419,
1202,
1351,
844,
326,
-10,
-281,
-271,
156,
722,
1141,
1078,
303,
-669,
-887,
-85,
980,
1455,
1231,
782,
520,
547,
858,
1211,
1042,
137,
-681,
-511,
245,
480,
78,
-168,
130,
715,
1130,
1015,
615,
364,
265,
330,
781,
1438,
1768,
1734,
1484,
818,
-50,
-325,
9,
95,
-297,
-484,
-232,
77,
411,
945,
1266,
808,
19,
-177,
20,
-183,
-547,
-244,
517,
753,
343,
22,
238,
850,
1328,
1060,
116,
-562,
-289,
448,
907,
1151,
1483,
1757,
1550,
764,
-109,
-418,
-68,
333,
248,
-15,
41,
340,
617,
796,
834,
641,
356,
262,
485,
907,
1235,
1260,
979,
429,
11,
536,
1945,
2787,
2017,
363,
-702,
-501,
491,
1315,
1425,
855,
-35,
-685,
-630,
148,
1307,
2198,
1929,
225,
-1723,
-2232,
-1057,
424,
957,
664,
423,
587,
817,
1053,
1575,
1989,
1730,
1272,
1221,
1053,
281,
-371,
-270,
72,
43,
-244,
-294,
94,
407,
48,
-626,
-650,
92,
841,
1176,
1328,
1321,
860,
220,
-20,
72,
156,
202,
60,
-495,
-896,
-429,
390,
544,
30,
-306,
-109,
91,
-121,
-411,
-303,
89,
360,
379,
181,
-227,
-688,
-945,
-815,
-395,
-146,
-462,
-1001,
-1252,
-1332,
-1425,
-1306,
-966,
-844,
-1080,
-1233,
-854,
119,
1166,
1405,
665,
-8,
187,
745,
949,
809,
494,
-54,
-633,
-972,
-1351,
-1986,
-2371,
-2070,
-1377,
-863,
-729,
-720,
-519,
-205,
-347,
-1143,
-1875,
-1911,
-1379,
-726,
-210,
222,
659,
867,
429,
-556,
-1282,
-1169,
-511,
14,
30,
-458,
-1102,
-1224,
-525,
346,
568,
244,
34,
-1,
-217,
-381,
-127,
6,
-536,
-1142,
-1078,
-781,
-879,
-1051,
-862,
-678,
-903,
-1295,
-1462,
-1259,
-718,
61,
773,
972,
591,
90,
-32,
229,
412,
228,
-87,
-340,
-825,
-1634,
-1980,
-1261,
-137,
432,
308,
-225,
-864,
-1077,
-566,
155,
262,
-263,
-675,
-547,
-147,
196,
441,
516,
208,
-457,
-1042,
-978,
-145,
849,
1300,
1110,
662,
281,
51,
2,
113,
37,
-397,
-726,
-709,
-752,
-993,
-1040,
-846,
-759,
-800,
-741,
-572,
-254,
366,
1076,
1285,
952,
649,
434,
-105,
-752,
-767,
-131,
343,
247,
14,
-55,
-173,
-312,
-197,
10,
-110,
-495,
-761,
-780,
-643,
-437,
-125,
418,
1080,
1444,
1362,
1189,
1036,
480,
-354,
-546,
49,
619,
849,
1024,
1085,
852,
600,
641,
758,
629,
285,
-204,
-805,
-1099,
-687,
42,
371,
227,
0,
-169,
-357,
-334,
314,
1207,
1372,
774,
425,
824,
1422,
1748,
1930,
1912,
1287,
302,
-38,
603,
1348,
1331,
812,
481,
410,
367,
329,
364,
554,
969,
1408,
1402,
732,
-316,
-1186,
-1394,
-876,
-132,
253,
422,
904,
1451,
1365,
926,
901,
1119,
913,
257,
-460,
-694,
155,
1733,
2622,
2094,
832,
-292,
-1021,
-1287,
-1232,
-1148,
-945,
-423,
129,
276,
116,
129,
543,
1087,
1311,
1037,
495,
136,
364,
1035,
1387,
1026,
438,
165,
197,
480,
892,
900,
246,
-495,
-663,
-344,
154,
689,
913,
420,
-380,
-615,
-176,
353,
641,
645,
434,
124,
-209,
-537,
-589,
-37,
736,
984,
601,
68,
-181,
-68,
319,
793,
1077,
968,
474,
-153,
-575,
-510,
150,
1073,
1486,
868,
-397,
-1398,
-1554,
-1105,
-726,
-608,
-403,
-48,
64,
-190,
-455,
-462,
-258,
-37,
19,
-90,
-194,
-91,
346,
880,
1083,
909,
752,
647,
7,
-1158,
-1797,
-1252,
2,
1027,
1180,
462,
-364,
-534,
-158,
79,
-198,
-807,
-1202,
-962,
-172,
723,
1382,
1651,
1465,
859,
123,
-359,
-349,
21,
379,
554,
675,
790,
856,
910,
873,
512,
-155,
-948,
-1618,
-1707,
-1170,
-650,
-472,
-202,
262,
249,
-490,
-1197,
-1296,
-1014,
-513,
394,
1269,
1247,
459,
8,
411,
889,
635,
-85,
-723,
-1263,
-1707,
-1742,
-1240,
-496,
38,
122,
-160,
-534,
-768,
-794,
-724,
-593,
-277,
124,
300,
236,
141,
-78,
-487,
-731,
-673,
-664,
-805,
-726,
-377,
-85,
124,
330,
307,
-131,
-816,
-1292,
-1299,
-1073,
-894,
-628,
-126,
315,
394,
265,
130,
-143,
-642,
-1039,
-972,
-602,
-399,
-473,
-489,
-315,
-230,
-363,
-528,
-490,
-247,
-73,
-190,
-404,
-355,
-131,
-95,
-245,
-278,
-117,
33,
51,
-16,
8,
328,
777,
850,
361,
-370,
-968,
-1252,
-1190,
-946,
-738,
-694,
-771,
-879,
-881,
-745,
-693,
-824,
-797,
-512,
-295,
-241,
-32,
399,
676,
457,
-137,
-497,
-194,
387,
651,
501,
146,
-91,
6,
211,
149,
6,
135,
167,
-296,
-830,
-911,
-597,
-128,
363,
572,
171,
-653,
-1266,
-1151,
-480,
-101,
-530,
-1226,
-1375,
-1007,
-574,
-63,
590,
849,
261,
-611,
-843,
-454,
-91,
169,
582,
929,
979,
956,
822,
171,
-730,
-1139,
-1033,
-1011,
-1217,
-1364,
-1322,
-1177,
-1094,
-1208,
-1393,
-1417,
-1214,
-842,
-419,
-88,
158,
416,
541,
263,
-380,
-1004,
-1189,
-848,
-335,
-83,
-122,
-195,
-168,
-72,
58,
206,
493,
933,
1056,
474,
-373,
-771,
-761,
-767,
-825,
-911,
-1195,
-1597,
-1901,
-2004,
-1730,
-1082,
-585,
-679,
-978,
-978,
-708,
-287,
279,
792,
999,
971,
957,
930,
580,
-95,
-505,
-394,
-449,
-1130,
-1850,
-2026,
-1805,
-1371,
-728,
-165,
4,
-154,
-594,
-1385,
-2287,
-2650,
-2227,
-1557,
-1207,
-1016,
-575,
16,
346,
266,
-111,
-748,
-1442,
-1671,
-1175,
-372,
192,
353,
203,
-73,
-284,
-379,
-416,
-429,
-519,
-738,
-862,
-436,
501,
1204,
1095,
417,
-275,
-804,
-1207,
-1431,
-1503,
-1509,
-1332,
-968,
-704,
-692,
-805,
-867,
-797,
-662,
-516,
-368,
-312,
-455,
-638,
-571,
-316,
-145,
-18,
181,
196,
-289,
-1041,
-1476,
-1329,
-973,
-912,
-985,
-716,
-200,
268,
655,
774,
389,
-268,
-757,
-915,
-812,
-558,
-274,
-88,
-75,
-18,
215,
288,
-42,
-443,
-669,
-1016,
-1641,
-1973,
-1438,
-414,
291,
406,
94,
-399,
-683,
-542,
-263,
-185,
-331,
-534,
-605,
-460,
-189,
221,
822,
1378,
1502,
1047,
195,
-690,
-1096,
-657,
376,
1126,
913,
57,
-592,
-755,
-731,
-450,
385,
1306,
1397,
692,
117,
171,
479,
568,
325,
-158,
-555,
-542,
-145,
305,
550,
556,
392,
116,
-141,
-92,
450,
1221,
1653,
1378,
684,
259,
343,
513,
439,
319,
402,
603,
613,
370,
216,
352,
666,
1076,
1385,
1237,
668,
270,
413,
920,
1334,
1246,
696,
102,
-206,
-148,
183,
526,
645,
638,
638,
478,
413,
1138,
2326,
2688,
1867,
772,
210,
223,
578,
1014,
1198,
985,
692,
741,
1060,
1131,
646,
-62,
-365,
-58,
485,
909,
1068,
941,
714,
547,
331,
31,
-71,
291,
911,
1290,
1223,
948,
799,
808,
861,
811,
496,
-141,
-777,
-894,
-402,
284,
907,
1438,
1612,
1138,
336,
7,
364,
856,
1080,
1222,
1330,
1141,
862,
963,
1361,
1613,
1587,
1268,
504,
-478,
-941,
-453,
505,
1110,
1010,
388,
-332,
-665,
-331,
556,
1527,
1999,
1661,
718,
-255,
-636,
-48,
1118,
1862,
1617,
872,
499,
647,
890,
1040,
1050,
777,
326,
130,
396,
907,
1285,
1289,
974,
493,
-83,
-420,
-201,
330,
661,
695,
717,
844,
919,
845,
692,
526,
295,
-4,
-115,
93,
343,
303,
207,
478,
990,
1189,
842,
150,
-499,
-760,
-586,
-245,
-31,
20,
106,
357,
615,
639,
469,
322,
277,
217,
55,
-29,
249,
896,
1471,
1450,
802,
105,
-166,
-162,
-314,
-708,
-1119,
-1332,
-1158,
-463,
481,
1033,
779,
-1,
-684,
-809,
-329,
308,
616,
579,
468,
433,
472,
491,
359,
0,
-497,
-946,
-1177,
-1086,
-715,
-240,
166,
271,
-86,
-690,
-974,
-678,
-205,
-70,
-338,
-776,
-1041,
-838,
-360,
-134,
-216,
-326,
-489,
-834,
-1081,
