[result]
best_epoch=60
best_validation=0.000687
complete=1
cost_multiply_add=46521952
epoch=60
max_epoch=150
schedule=0
training=0.000817
validation=0.000687
[statistics]
Output=490257
CostParameter=18712
CostAdd=783920
CostMultiply=0
CostMultiplyAdd=46521952
CostDivision=8
CostExp=8
CostIf=1567776
