-631
-686
-417
-34
250
645
878
598
131
-243
-537
-609
-425
-132
267
599
629
558
457
81
-359
-529
-557
-498
-178
233
466
535
401
114
-140
-471
-754
-580
-151
135
425
685
509
120
-72
-321
-618
-524
-178
-35
57
400
632
430
166
-47
-361
-509
-349
-159
27
363
574
435
239
80
-200
-401
-382
-382
-316
38
367
432
385
205
-194
-570
-665
-512
-150
315
619
645
477
165
-166
-346
-386
-344
-168
96
390
680
793
589
200
-245
-661
-786
-534
-247
-65
210
422
287
99
71
-124
-386
-393
-327
-258
-30
211
372
518
378
12
-128
-210
-358
-155
229
285
238
301
213
27
-103
-249
-288
-159
-30
138
364
345
150
42
-133
-327
-292
-210
-177
-22
173
292
354
229
-15
-61
-129
-331
-216
25
15
107
364
360
213
214
101
-193
-379
-412
-307
-69
124
266
415
259
-83
-197
-305
-426
-237
-121
-274
-141
169
146
137
289
48
-275
-179
-114
-146
135
376
151
-84
-45
-112
-257
-116
48
-67
-121
127
355
340
291
232
-45
-361
-437
-370
-253
2
186
183
248
253
63
-2
-23
-208
-283
-217
-230
-145
168
342
319
346
251
24
-51
-145
-349
-335
-210
-218
-86
155
140
60
108
70
12
55
4
-129
-141
-104
-139
-162
-106
-154
-315
-276
-9
241
346
392
318
-19
-275
-226
-235
-352
-199
35
19
107
439
577
409
255
47
-439
-782
-666
-429
-147
268
518
377
129
14
-121
-280
-320
-273
-240
-177
19
269
331
161
23
-84
-364
-441
-88
193
267
378
282
-138
-370
-317
-397
-380
-19
206
197
385
562
285
-117
-295
-477
-740
-659
-164
238
514
782
756
374
-44
-442
-772
-700
-402
-270
27
535
664
429
307
71
-478
-756
-605
-389
-92
326
572
478
223
-85
-353
-441
-426
-347
-165
50
285
475
414
78
-257
-472
-644
-555
-143
270
532
637
491
186
-110
-422
-671
-671
-515
-251
163
501
561
456
263
-73
-432
-529
-402
-293
-121
275
619
652
424
65
-258
-406
-413
-268
26
175
126
194
262
55
-235
-415
-545
-472
-173
87
399
689
497
123
41
-179
-651
-671
-289
-183
-6
486
587
331
176
-114
-518
-616
-542
-477
-207
135
351
589
616
189
-232
-377
-547
-583
-239
67
161
345
478
361
215
55
-263
-468
-392
-257
-112
158
386
363
255
186
-20
-345
-493
-396
-265
-87
205
342
269
150
-89
-373
-302
-54
-111
-81
301
345
112
198
260
-35
-249
-217
-253
-259
-102
-18
32
135
51
-70
-11
-8
-164
-167
55
153
74
169
341
202
-63
-123
-128
-154
-56
47
25
-42
-93
-74
-4
40
66
88
36
-68
20
199
113
-74
-107
-162
-200
-36
97
61
149
261
88
-115
-98
-94
-168
-115
29
39
-40
11
190
285
280
237
-9
-358
-415
-275
-226
-121
39
30
113
307
195
23
32
-145
-394
-278
-75
-29
111
288
346
388
337
165
24
-141
-341
-305
-65
10
16
216
351
237
141
155
82
-107
-222
-158
8
127
173
186
122
-24
-109
-69
8
42
-6
-50
-1
31
19
81
130
33
5
129
133
67
130
62
-139
-130
-68
-121
-86
29
34
14
143
281
220
42
-97
-204
-273
-190
-49
-21
95
278
174
107
299
205
-122
-164
-132
-239
-151
105
186
156
171
199
153
36
-41
-21
-33
-98
7
240
207
-9
-34
39
106
266
363
223
13
-52
-19
-20
-57
-72
-109
-139
-34
124
175
225
316
270
93
12
-101
-361
-418
-254
-162
41
356
408
404
492
260
-104
-148
-205
-398
-287
-28
77
306
613
585
342
82
-368
-718
-595
-296
-42
269
458
379
327
400
239
-85
-268
-408
-504
-322
92
401
484
368
126
18
33
-48
-77
49
89
34
257
499
261
-72
-161
-278
-347
-171
-11
-17
66
194
239
332
263
-72
-215
-122
-99
-3
247
237
-1
-89
-115
-231
-288
-212
-39
168
322
439
438
211
9
-114
-357
-384
-108
66
243
569
619
288
38
-132
-436
-574
-439
-281
-67
256
447
472
368
56
-193
-262
-365
-292
66
225
106
105
166
21
-106
20
142
131
189
302
282
144
-16
-156
-318
-478
-345
15
220
366
558
501
214
-33
-333
-655
-658
-443
-254
96
501
549
426
363
22
-439
-470
-354
-411
-224
276
534
524
505
325
-69
-399
-517
-415
-169
75
276
413
342
129
-32
-263
-558
-605
-391
-69
367
709
664
372
48
-328
-609
-664
-529
-268
23
311
587
719
541
136
-279
-572
-615
-432
-100
388
702
616
449
312
-33
-393
-414
-364
-381
-136
228
384
397
321
118
-92
-244
-351
-241
-1
92
165
246
95
-146
-260
-344
-392
-282
-93
105
275
253
162
155
51
-103
-73
17
-27
-1
196
269
46
-275
-450
-429
-267
20
350
541
499
296
16
-310
-562
-678
-648
-402
12
354
594
757
614
196
-213
-630
-979
-934
-507
44
572
920
973
833
432
-245
-759
-927
-970
-829
-336
222
567
782
785
504
91
-335
-593
-642
-601
-394
10
318
362
413
408
84
-257
-416
-519
-425
-94
157
254
365
283
-47
-95
74
54
96
250
140
-37
11
23
-25
35
-31
-185
-137
-21
26
208
399
292
7
-240
-419
-407
-243
-140
7
165
116
46
154
160
4
-50
-67
-189
-170
34
104
5
-72
-109
-134
-132
-66
57
144
125
96
108
16
-168
-282
-262
-93
80
195
372
449
245
28
-6
-133
-326
-230
-93
-115
78
340
293
228
292
139
-133
-165
-186
-296
-184
-9
-20
27
161
204
201
131
-115
-227
-116
-139
-152
14
27
-57
43
137
127
166
100
-135
-226
-174
-154
-45
97
102
175
354
374
187
-11
-133
-204
-212
-104
106
274
307
245
125
-19
-93
-148
-205
-172
-68
5
109
306
466
442
227
-33
-221
-422
-522
-334
-83
4
121
376
466
294
172
79
-100
-220
-257
-254
-59
200
245
332
435
116
-172
-63
-114
-335
-243
-83
-119
-18
164
121
101
162
71
43
189
161
-35
-132
-190
-242
-199
-82
51
120
120
201
339
343
211
114
-7
-224
-261
-30
108
97
203
340
281
95
-68
-204
-322
-290
-85
86
186
276
258
167
170
77
-165
-181
-104
-217
-121
184
185
21
49
9
-176
-137
-5
-64
-36
157
246
274
323
261
81
-95
-215
-196
-47
137
365
482
398
248
31
-260
-459
-436
-283
-115
90
314
449
515
470
166
-170
-321
-438
-435
-93
272
391
483
533
283
-58
-212
-387
-541
-337
-17
158
353
492
359
174
97
-57
-193
-158
-167
-147
126
277
82
-41
-36
-247
-379
-75
249
317
353
370
229
-9
-169
-109
76
138
242
522
525
261
199
134
-217
-467
-420
-318
-147
213
514
597
577
404
86
-186
-433
-608
-455
-139
42
268
551
470
111
-110
-247
-441
-519
-374
-151
118
401
545
623
517
128
-149
-260
-432
-383
24
299
320
453
521
241
-42
-109
-138
-174
-84
57
182
314
360
392
339
-10
-299
-226
-161
-183
115
369
128
5
71
-148
-245
-27
11
-48
146
258
179
252
256
48
-120
-305
-487
-384
-101
95
339
501
380
324
257
8
-98
-83
-144
-138
122
316
217
198
140
-111
-196
-149
-137
-9
152
91
82
291
281
124
145
60
-151
-134
77
185
213
200
53
-70
-128
-215
-205
-145
-140
-80
99
223
140
45
65
22
-88
-37
50
-30
-23
98
70
51
84
-6
-18
53
-66
-152
14
140
147
290
278
10
47
161
-24
-18
143
-28
-161
92
159
5
92
85
-99
-72
-112
-271
-120
115
68
153
357
147
-49
88
24
-160
-143
-164
-145
150
296
212
301
217
-154
-213
-86
-150
-100
146
263
287
207
-28
-66
25
-151
-264
-111
-95
-149
59
250
146
-41
-132
-201
-281
-233
-22
186
264
306
363
220
-97
-292
-382
-389
-242
-85
50
276
463
424
259
103
-103
-298
-327
-236
-111
97
296
414
471
344
81
-88
-210
-339
-317
-140
-5
59
144
202
155
63
-31
-130
-122
5
59
36
99
118
35
42
57
-149
-321
-239
-152
-73
197
331
129
63
73
-154
-171
52
9
-50
189
313
83
-19
131
40
-194
-139
-43
-108
-5
249
314
185
18
-137
-183
-136
-125
-99
-2
4
-68
12
161
98
-43
-21
12
-38
60
242
242
98
-54
-150
-115
2
32
40
59
-100
-213
-36
77
-24
-66
-16
-22
54
256
301
145
39
3
-67
-137
-103
-23
1
76
186
153
50
33
-19
-107
-155
-216
-213
-102
-4
117
255
212
11
-113
-202
-352
-386
-303
-186
24
221
310
371
344
160
18
-47
-196
-284
-170
-30
98
332
510
438
283
119
-189
-377
-242
-191
-242
4
240
133
141
260
36
-238
-210
-222
-316
-158
14
-18
80
289
296
148
-25
-199
-265
-189
-97
8
113
67
0
76
162
161
106
23
-68
-178
-221
-125
-35
-43
7
185
210
49
38
20
-230
-227
-7
-91
-210
-15
74
-89
-22
238
183
-4
20
-33
-217
-191
-149
-197
-14
164
69
9
59
9
4
136
106
-127
-190
-105
-98
8
203
174
17
-14
29
69
118
38
-95
-109
-84
-129
-107
5
35
116
350
401
154
-118
-326
-437
-319
-103
-19
9
40
43
68
95
114
58
-162
-229
-72
-43
-40
111
113
-70
-139
-125
-185
-193
-94
-6
68
116
68
17
-24
-150
-267
-231
-113
-21
64
149
213
215
158
39
-136
-335
-469
-382
-139
57
245
404
357
216
133
-26
-217
-196
-178
-285
-158
100
151
163
218
105
-126
-212
-121
-52
-40
-22
-26
-61
-23
93
90
-140
-314
-248
-102
26
128
117
28
-18
-22
-26
-14
-24
-93
-129
-71
3
52
82
115
79
-45
-136
-121
-44
29
67
50
-51
-170
-202
-169
-111
-52
79
283
312
129
-1
-70
-171
-140
-10
-63
-146
16
167
195
329
282
-112
-355
-378
-458
-433
-188
50
178
326
461
408
240
47
-178
-320
-327
-290
-145
127
251
166
97
6
-137
-231
-283
-265
-101
93
175
268
297
108
-31
-22
-118
-282
-262
-131
-36
134
277
156
-121
-299
-329
-228
-34
115
166
213
244
227
195
127
-68
-306
-338
-220
-75
163
253
80
-68
-136
-215
-184
-117
-103
-45
118
259
334
416
409
156
-120
-255
-353
-369
-212
25
166
68
-81
-29
27
-76
-121
-107
-207
-254
-53
167
174
141
81
-69
-49
70
27
-4
105
19
-176
-53
67
-65
28
245
137
23
152
114
-14
125
84
-170
-79
46
-102
-73
106
71
50
147
38
-137
-87
-49
-118
-82
16
6
20
164
148
-42
-69
-83
-294
-300
-91
-66
-71
157
291
266
273
124
-151
-157
-87
-157
-68
169
175
72
179
199
-36
-139
-51
-88
-169
-53
160
287
295
161
41
11
-80
-97
3
-77
-327
-400
-268
-43
198
321
269
51
-227
-239
-6
43
-46
44
94
-60
-56
157
167
4
-73
-110
-173
-181
-118
-89
-94
37
179
203
327
363
93
-53
-76
-270
-274
-9
-62
-206
18
112
57
320
420
26
-255
-290
-407
-321
26
167
197
289
211
173
355
247
-168
-246
-264
-558
-441
102
257
153
240
197
-34
-32
36
-62
-112
-103
-103
9
157
198
141
37
5
-26
-270
-408
-265
-305
-365
-86
51
-78
28
173
111
175
158
-165
-275
-188
-265
-221
113
250
166
254
251
34
2
35
-122
-288
-310
-285
-259
-91
204
323
220
209
263
125
-77
-145
-194
-311
-327
-63
207
252
282
380
299
23
-241
-431
-590
-614
-485
-317
-68
190
258
306
449
328
-28
-207
-316
-509
-449
-235
-165
9
298
376
278
209
133
-75
-296
-335
-289
-291
-219
6
255
368
242
55
70
31
-179
-172
-88
-338
-509
-231
71
160
339
524
351
51
-53
-79
-77
-60
-149
-221
-106
-14
40
243
255
-62
-242
-248
-334
-287
-51
-64
-204
-61
68
23
80
55
-135
-101
79
63
48
60
-148
-315
-225
-196
-245
-112
41
34
120
244
163
-9
-130
-237
-286
-223
-121
-3
118
187
242
180
13
38
19
-287
-347
-69
-31
-73
204
298
-77
-238
-151
-396
-590
-397
-319
-308
13
355
335
160
134
-45
-429
-448
-171
-109
-58
240
365
280
335
282
13
-161
-284
-421
-358
-112
94
266
450
482
347
145
-112
-325
-461
-574
-507
-244
-115
-120
-31
46
9
3
21
-60
-155
-154
-132
-134
-30
123
116
61
96
100
95
113
-4
-181
-242
-280
-421
-448
-338
-357
-257
160
455
492
504
398
70
-301
-518
-511
-430
-345
-132
161
397
558
521
281
51
-218
-585
-676
-434
-246
-89
236
465
401
392
434
213
-58
-232
-467
-600
-556
-422
-141
172
316
355
262
-1
-181
-258
-399
-447
-385
-388
-326
-2
286
321
347
356
135
-145
-313
-448
-527
-415
-182
121
470
600
546
452
176
-198
-397
-427
-470
-438
-128
194
339
492
521
257
-124
-432
-677
-787
-641
-359
-117
155
450
569
450
232
6
-187
-362
-422
-280
-147
-40
213
419
429
373
258
36
-162
-284
-390
-314
-92
75
234
382
334
141
44
-32
-215
-362
-412
-387
-236
-42
129
200
84
-92
-153
-159
-230
-208
-74
-38
-33
90
236
192
62
65
104
55
3
-4
-24
-3
86
154
166
112
13
-40
-12
21
-11
15
43
-73
-104
-28
-63
-56
25
-44
-179
-214
-202
-138
-13
70
96
122
149
91
-12
-87
-212
-256
-86
58
116
203
315
271
135
180
113
-245
-368
-230
-228
-176
82
295
358
279
145
53
-124
-339
-348
-229
-192
-127
81
209
198
191
81
-43
10
44
-47
-75
-26
-27
-1
185
296
191
161
222
130
5
24
-9
-262
-354
-192
-217
-268
-57
91
144
300
346
221
186
118
-54
-31
23
-117
-148
5
60
61
205
245
46
-21
12
-84
-144
-152
-225
-194
-98
-78
112
320
176
63
149
52
-138
-152
-137
-274
-311
-73
81
143
354
465
346
259
203
72
-64
-173
-252
-196
-39
29
60
172
178
51
65
144
-29
-209
-133
-63
2
215
294
155
49
-26
-125
-113
-46
-23
81
125
-1
17
151
70
-17
57
-57
-177
54
136
48
247
249
-85
-87
42
-164
-246
-25
-13
-44
204
210
-17
-2
-69
-299
-203
-10
-165
-224
82
212
195
402
429
125
-116
-292
-395
-194
83
222
391
410
167
75
111
-74
-260
-165
-145
-267
-7
404
353
153
112
-39
-277
-293
-108
38
87
142
292
363
224
22
-103
-214
-314
-233
0
182
299
336
239
88
-102
-334
-394
-263
-230
-122
196
357
374
443
349
60
-152
-227
-254
-186
-63
28
121
167
188
208
143
-39
-228
-269
-199
-100
-20
59
169
173
102
79
20
-125
-214
-104
-3
-21
145
334
199
-41
-103
-146
-231
-109
40
27
23
-7
31
246
329
163
3
-145
-289
-136
124
30
-98
-42
-100
-109
75
105
-44
-133
-167
-115
50
155
162
162
99
11
-49
-150
-179
-50
-10
-62
-54
-116
-191
-63
93
80
89
126
9
-70
37
120
132
164
122
8
-62
-121
-154
-172
-229
-204
-149
-128
23
224
239
115
71
-60
-295
-197
-48
-197
-172
29
8
-37
86
91
-40
-103
-195
-235
-183
-227
-186
-24
64
160
334
443
336
88
-135
-275
-332
-314
-180
14
72
50
201
328
135
-6
18
-188
-363
-222
-107
-197
-162
45
19
-140
-41
64
-18
-5
31
-75
-177
-269
-308
-171
-18
72
212
318
326
306
239
60
-179
-317
-269
-280
-312
-131
34
81
183
276
189
-69
-217
-227
-237
-99
47
-18
-68
-39
-6
136
258
57
-198
-279
-456
-525
-192
115
109
10
-58
-94
58
251
232
177
48
-316
-468
-215
-68
-105
7
34
-87
46
224
200
136
7
-212
-369
-305
-147
-83
-3
83
79
100
154
144
41
-117
-227
-185
-88
-76
-100
-31
78
144
228
263
123
-87
-236
-288
-214
-159
-189
-176
-142
-153
-39
151
215
121
-96
-214
-156
-132
-82
19
-59
-211
-117
91
149
182
131
-88
-119
-7
-26
-62
-114
-285
-265
-10
164
361
449
122
-83
15
-68
-173
-4
-41
-343
-206
75
-56
-39
127
-139
-440
-285
-136
-164
46
204
67
47
83
-63
-128
-46
-7
64
177
129
63
72
-8
-54
-16
-64
-144
-157
-240
-209
147
347
310
356
215
-121
-221
-197
-323
-308
-67
3
-7
153
224
118
36
22
-75
-202
-151
-127
-256
-173
8
-114
-190
-11
17
8
152
138
-46
-120
-161
-219
-189
-167
-169
-40
130
213
279
283
56
-176
-267
-352
-278
-24
171
307
389
365
379
429
249
-90
-276
-408
-538
-325
155
398
416
444
219
-198
-379
-407
-514
-550
-380
-121
196
419
474
546
481
104
-256
-472
-703
-815
-556
-102
266
495
623
589
341
58
-124
-334
-505
-468
-311
-102
273
563
535
460
314
2
-154
-163
-275
-308
-73
24
-34
177
350
177
87
145
74
42
65
-60
-154
-122
-160
-149
30
149
106
64
24
-72
-161
-215
-231
-213
-79
146
324
466
498
338
71
-177
-347
-418
-346
-243
-129
94
321
415
407
325
42
-233
-234
-296
-367
-158
7
69
273
482
507
434
319
36
-283
-402
-344
-238
-99
148
394
551
662
603
366
146
-112
-461
-626
-473
-341
-327
-91
244
314
379
534
351
-41
-209
-299
-417
-338
-195
-210
-74
240
363
417
488
207
-276
-505
-491
-355
-212
-59
204
368
404
570
654
384
-3
-216
-344
-428
-324
-233
-181
56
266
343
486
518
214
-142
-302
-356
-242
-28
87
209
369
410
368
326
207
-121
-404
-423
-365
-246
21
224
275
377
525
423
208
110
-68
-276
-277
-214
-196
-81
61
23
11
227
241
38
70
30
-299
-408
-274
-257
-224
54
218
171
297
448
368
303
172
-214
-451
-335
-267
-152
280
550
455
391
331
100
-36
-87
-314
-452
-415
-392
-127
271
395
416
475
298
-17
-78
-128
-323
-340
-255
-174
87
359
381
321
317
164
-18
-88
-269
-387
-283
-144
94
460
622
466
274
68
-191
-285
-248
-269
-210
-22
90
178
312
206
35
41
-85
-239
-115
-33
-115
-76
52
16
-43
40
113
154
211
178
72
23
-13
-28
58
157
139
56
79
125
36
-27
-44
-165
-289
-339
-328
-162
67
221
406
552
455
302
255
170
-79
-344
-378
-345
-388
-172
267
409
298
202
25
-279
-415
-289
-182
-171
-59
108
277
438
478
430
261
-131
-410
-435
-495
-450
-130
57
115
404
618
406
246
261
-28
-311
-169
-116
-191
28
206
195
344
438
231
-4
-162
-370
-485
-432
-326
-82
252
381
464
563
339
84
107
-69
-448
-497
-404
-389
-186
222
443
379
317
264
3
-287
-377
-334
-212
84
328
255
257
477
419
229
214
-27
-518
-566
-242
-170
-28
353
253
-31
138
191
-16
34
32
-222
-261
-180
-153
65
253
169
96
100
13
-56
-44
-100
-162
-61
111
224
270
266
280
281
211
38
-143
-120
-69
-100
107
299
42
-240
-100
-21
-293
-195
161
9
-110
208
245
-29
-2
39
-183
-111
82
-77
-41
248
185
-20
51
41
-183
-233
-146
-67
54
194
382
497
395
217
82
-118
-286
-224
-238
-300
-75
66
44
201
256
53
-67
-142
-333
-297
-69
-38
4
223
324
262
197
114
-75
-240
-168
-36
-113
-183
-25
121
221
397
455
278
53
-139
-269
-171
-2
45
104
179
144
119
279
362
168
-3
-164
-424
-485
-323
-236
-131
126
145
-95
-70
79
37
3
44
-30
-92
-6
96
204
327
364
250
39
-71
-96
-147
-188
-198
-156
-117
-107
-16
128
157
88
122
108
-73
-66
99
29
-97
7
1
-104
50
121
-39
-17
83
-38
-118
30
81
-28
43
208
260
256
194
-14
-226
-312
-241
-48
14
26
175
176
39
39
85
-91
-273
-93
45
2
129
161
-48
-118
-28
-56
-115
-42
-53
-202
-235
-116
-23
34
71
-49
-183
-78
20
54
158
109
-39
-17
21
-56
17
172
53
-83
25
-15
-81
125
166
-24
-43
-2
-62
21
185
138
103
119
-25
-99
-32
-111
-114
161
229
20
121
208
-136
-230
-9
-165
-419
-168
138
167
304
435
289
77
-120
-328
-426
-334
-176
-84
12
38
-53
-12
142
123
-63
-196
-280
-382
-283
124
438
430
322
145
-63
-140
-86
-26
-40
-138
-195
-39
200
276
329
355
117
-177
-146
-45
-45
109
133
-62
5
26
-279
-352
-176
-159
-90
208
261
66
126
224
91
62
131
22
-136
-169
-81
197
365
124
-90
-158
-376
-488
-323
-191
-171
-78
114
290
404
487
479
275
-82
-326
-321
-297
-327
-138
163
205
216
369
247
-62
-162
-185
-293
-292
-37
195
253
366
418
228
30
-83
-217
-282
-108
13
-51
87
274
93
-16
127
28
-235
-154
7
-121
-164
3
35
12
100
154
93
-2
-84
-45
98
140
108
104
60
8
20
41
74
112
54
55
249
189
-95
-39
68
-91
-156
21
133
-25
-49
219
161
-190
-206
-75
-161
-173
16
91
61
117
184
233
266
132
-58
-6
55
-51
-15
90
22
-41
14
119
169
120
49
8
18
-27
-128
-24
173
127
77
132
30
-105
-135
-255
-344
-183
8
148
339
347
146
127
229
124
-34
-51
-103
-134
-45
20
129
289
300
230
139
14
-170
-282
-169
14
115
130
112
180
266
238
154
103
-153
-480
-257
82
45
224
493
252
-118
-117
-63
-80
92
164
22
18
73
117
325
392
110
-124
-118
-83
-82
-74
-19
45
40
41
151
236
28
-120
99
86
-126
37
137
-117
-162
23
-33
-140
-66
-26
99
305
235
84
92
-61
-284
-194
-80
-96
35
165
235
351
356
298
329
215
-117
-251
-158
-181
-115
161
357
348
287
300
287
95
-141
-220
-222
-272
-150
126
224
169
171
175
89
32
-23
-182
-226
-109
-38
107
320
254
-22
-59
80
42
-2
70
27
-101
-43
149
191
137
144
149
86
14
-88
-207
-217
-148
-13
230
319
120
-11
27
-32
-22
182
137
-137
-191
-51
98
213
218
94
-47
-98
-42
54
95
53
-86
-180
-37
125
77
47
132
104
74
201
208
13
-153
-196
-223
-283
-142
158
236
144
185
242
85
-85
-52
-41
-167
-163
61
272
393
471
382
74
-194
-251
-266
-248
-55
63
4
117
344
380
247
98
-44
-200
-248
-85
49
-6
-27
48
97
157
211
106
-181
-366
-278
-116
-2
101
125
48
-11
33
119
151
89
34
-38
-204
-278
-223
-159
-39
112
109
-8
-13
55
100
229
320
141
-167
-264
-203
-131
116
322
233
208
275
128
-2
73
-23
-324
-321
-78
-11
123
420
411
162
44
-70
-193
-219
-270
-275
-155
-136
-106
173
386
242
-6
-111
-201
-346
-315
-114
-25
-5
130
275
256
67
-72
-96
-213
-281
-80
75
42
74
157
157
127
103
8
-78
-40
-83
-195
-156
-144
-195
-85
52
105
148
170
199
241
157
-38
-215
-376
-431
-244
91
317
333
354
355
161
-27
-88
-225
-416
-385
-99
123
143
234
346
187
4
-23
-192
-442
-389
-237
-200
15
285
237
156
224
103
-114
-95
-146
-348
-271
-99
-88
0
65
-25
-62
-46
-102
-88
-56
-241
-266
-80
-139
-104
188
212
98
253
209
-206
-254
-73
-222
-92
309
162
-142
29
137
-32
39
109
-142
-201
-55
-57
52
283
183
9
168
207
-41
-136
-166
-326
-287
-4
123
113
165
53
-111
-13
29
-143
-231
-327
-455
-262
122
214
132
136
24
-148
-83
-20
-209
-395
-458
-442
-200
254
493
425
337
136
-179
-227
-129
-235
-360
-273
-88
154
426
531
448
249
-79
-409
-615
-691
-632
-449
-157
230
473
419
362
321
1
-384
-573
-720
-741
-404
127
550
804
853
590
167
-179
-437
-582
-492
-236
-97
-53
154
385
452
511
448
71
-368
-564
-526
-427
-298
-73
78
86
92
139
152
131
23
-259
-481
-470
-465
-428
-135
164
185
159
270
336
220
96
112
53
-143
-213
-182
-228
-173
55
228
234
155
-48
-308
-361
-266
-230
-184
-57
41
88
153
254
307
267
170
34
-80
-121
-137
-141
-76
-28
-41
64
213
214
189
168
11
-166
-234
-272
-297
-222
-82
81
279
367
255
52
-148
-367
-530
-506
-350
-192
51
361
518
497
398
205
-96
-323
-393
-442
-465
-318
-15
276
499
543
281
-12
-107
-264
-404
-300
-299
-378
-70
377
442
352
337
114
-182
-222
-200
-291
-318
-251
-160
47
306
409
406
261
-69
-272
-308
-301
-137
96
194
300
425
275
131
210
5
-247
-19
129
-100
-75
167
26
-118
125
117
-189
-183
27
161
263
251
67
-120
-403
-645
-465
-188
-118
81
370
421
342
283
65
-258
-379
-392
-391
-202
65
222
340
448
394
181
-53
-268
-426
-402
-188
60
231
391
538
486
317
162
-74
-302
-351
-341
-317
-185
-54
12
226
492
461
276
115
-155
-389
-394
-330
-257
-66
58
151
441
475
113
-82
-191
-469
-465
-85
94
133
389
511
448
538
427
-44
-371
-496
-648
-609
-257
18
96
255
486
536
427
296
68
-249
-464
-493
-306
-50
125
357
520
399
185
72
-55
-233
-364
-403
-319
-171
-1
323
683
756
565
321
52
-289
-568
-584
-494
-514
-366
83
468
619
669
553
166
-378
-681
-595
-366
-118
167
396
473
453
437
327
158
40
-161
-404
-436
-392
-408
-211
137
288
352
443
348
97
-45
-129
-323
-445
-369
-236
-78
233
539
596
527
463
254
-75
-316
-442
-510
-370
-46
190
360
480
442
373
339
106
-252
-363
-378
-505
-283
161
181
96
273
258
42
36
-3
-168
-118
-35
-43
149
321
235
185
167
-65
-186
-43
9
10
44
-101
-178
-35
2
15
221
283
52
-31
78
15
-88
-11
-53
-300
-340
-167
-25
136
313
272
136
92
15
-129
-157
-112
-144
-84
218
441
378
319
241
-86
-438
-557
-559
-503
-186
226
426
615
721
362
-128
-354
-524
-612
-335
113
297
266
335
286
-63
-228
-133
-207
-298
-147
26
61
153
267
170
118
255
197
43
50
-43
-232
-144
95
20
-223
-277
-284
-341
-232
50
230
126
44
295
414
127
30
121
-126
-340
-166
-57
-124
-50
83
155
184
78
-144
-269
-356
-464
-382
-131
99
245
318
398
392
161
-36
-70
-237
-459
-375
-200
-197
-16
305
328
237
184
-87
-353
-282
-169
-204
-26
204
-3
-174
-20
-52
-167
-32
-18
-191
-119
-9
-138
-123
2
-11
91
290
249
94
59
-108
-322
-210
-98
-145
-15
151
64
-13
22
-137
-294
-126
-25
-157
-121
18
-36
-69
88
114
-41
-106
-148
-242
-223
-79
-15
-55
-92
-207
-310
-236
-167
-158
-47
77
27
-24
21
5
-29
-38
-59
-42
-101
-194
-76
138
119
12
22
-87
-265
-212
-73
-54
-70
-42
-50
-86
-52
-9
-25
-52
70
209
46
-119
-46
-140
-325
-250
-160
-246
-328
-324
-212
-22
98
139
165
27
-261
-365
-230
-165
-124
65
171
62
-36
-42
-88
-139
-132
-174
-288
-320
-184
-2
105
113
31
-85
-204
-216
-7
229
238
59
-72
-116
-220
-353
-365
-312
-320
-277
-76
98
137
187
186
-64
-326
-334
-293
-278
1
364
377
186
107
-56
-286
-299
-261
-339
-248
0
78
133
226
124
-25
-61
-160
-221
-110
-66
-181
-159
-42
-132
-283
-249
-194
-178
-125
-89
-105
-136
-123
17
171
90
-113
-176
-106
57
254
278
128
-34
-158
-188
-105
-77
-188
-231
-106
-31
-56
-7
36
-108
-186
-20
31
-139
-204
-152
-169
-131
40
146
66
-86
-109
-27
17
66
160
88
-148
-172
-47
-152
-184
-53
-210
-336
-81
68
-12
30
65
-58
-84
-54
-40
30
17
-46
64
194
114
65
109
-20
-124
-137
-265
-260
-69
-20
0
179
170
-9
32
12
-181
-28
229
82
-114
-32
-25
-167
-169
-127
-215
-254
-104
72
171
248
181
-103
-368
-345
-169
-102
10
136
84
136
306
207
39
49
-187
-492
-255
37
-21
45
147
-83
-186
87
148
-24
-32
-57
-86
166
359
235
18
-221
-416
-266
100
272
298
298
103
-153
-157
-75
-247
-505
-491
-274
-68
322
750
759
510
308
-6
-328
-344
-314
-418
-327
-126
-8
250
504
424
212
65
-202
-465
-425
-323
-286
-112
98
213
292
260
92
20
60
-37
-219
-298
-322
-299
-128
105
220
244
256
246
257
314
253
24
-124
-149
-182
-107
178
385
203
30
137
137
27
1
-184
-488
-506
-290
-154
40
272
229
144
211
193
80
-30
-223
-367
-241
-82
-37
44
34
-3
177
333
281
183
56
-169
-320
-265
-60
237
453
470
490
484
254
-61
-191
-254
-374
-345
-188
-55
121
315
429
380
193
-5
-217
-396
-415
-288
-66
173
274
187
83
1
-184
-265
-134
-117
-185
31
371
486
483
518
416
57
-238
-203
-167
-373
-477
-306
-136
76
399
501
337
71
-307
-533
-398
-230
-139
56
246
333
524
656
415
75
-130
-387
-598
-526
-364
-286
-149
149
473
582
521
456
259
-37
-175
-200
-302
-370
-252
-56
179
494
624
450
151
-206
-500
-548
-528
-650
-612
-287
-65
194
698
899
578
229
-102
-535
-678
-540
-425
-170
156
282
388
529
453
235
49
-187
-389
-410
-412
-324
-69
148
388
716
759
442
180
-77
-542
-752
-581
-486
-375
-53
196
412
760
821
429
78
-247
-682
-819
-589
-393
-205
102
291
417
618
541
167
-184
-587
-898
-771
-433
-200
105
474
614
565
460
202
-184
-478
-571
-516
-424
-300
-95
132
332
522
575
368
51
-188
-355
-352
-240
-335
-472
-321
-141
-28
309
586
445
206
80
-134
-315
-310
-315
-314
-103
187
422
631
618
312
-39
-363
-583
-532
-448
-496
-352
-6
204
305
416
304
-61
-290
-369
-463
-358
-151
-131
-45
183
181
35
106
83
-184
-227
-113
-178
-211
-83
-14
57
241
235
25
-93
-179
-247
-150
-1
65
111
141
103
84
97
80
63
51
4
-66
-160
-247
-156
18
-69
-141
10
-117
-324
-86
106
-100
-213
-96
-57
-56
-3
62
127
52
-155
-267
-321
-408
-279
35
144
116
153
125
133
231
128
-100
-153
-195
-257
-64
176
148
8
-73
-180
-258
-168
-24
33
33
-55
-141
-165
-170
-105
36
49
-28
130
410
370
197
129
-195
-597
-543
-310
-254
-129
83
122
97
160
216
178
-25
-309
-462
-437
-339
-134
190
332
253
190
144
103
67
-37
-214
-328
-444
-595
-477
-177
-34
187
567
691
527
359
80
-388
-690
-657
-452
-177
156
446
587
575
417
222
45
-228
-467
-504
-517
-487
-181
223
398
413
346
103
-250
-482
-523
-451
-274
-116
0
210
396
393
324
299
96
-347
-571
-452
-317
-240
-95
51
104
184
289
283
145
-59
-216
-291
-296
-196
7
219
359
461
475
284
15
-178
-257
-322
-449
-413
-227
-112
20
281
395
277
268
246
49
-40
-49
-163
-202
-153
-140
-22
108
8
-19
156
152
31
26
-108
-342
-297
-207
-319
-238
47
217
425
660
545
193
-83
-333
-496
-391
-244
-232
-142
44
145
209
237
135
34
-8
-80
-141
-199
-269
-203
-4
147
249
312
202
24
-8
1
-52
-72
-106
-153
-82
17
45
147
215
60
-54
14
-4
-85
-36
38
40
68
88
-16
-86
-128
-181
-105
47
92
86
211
309
183
115
77
-173
-367
-281
-118
-15
83
77
24
190
292
99
-59
-95
-207
-297
-227
-66
105
146
151
309
249
-71
-112
38
4
-15
128
126
75
213
247
119
14
-91
-120
-113
-184
-166
-57
-131
-182
-58
-65
-67
81
47
-58
76
114
-39
93
229
54
157
387
164
-41
106
92
-124
-13
202
71
-51
91
165
122
149
147
44
-49
-91
-117
-141
-89
81
212
242
195
-16
-271
-247
-127
-191
-66
205
116
-63
87
224
158
212
294
140
-97
-206
-156
22
189
263
287
232
126
152
141
-44
-127
-162
-321
-320
-78
106
208
374
428
205
-44
-98
-98
-150
-128
-43
-19
54
231
343
307
212
71
-33
75
188
19
-193
-123
20
67
226
397
261
-45
-136
-61
-65
-72
-8
38
37
12
62
220
221
60
78
191
81
-63
41
143
11
-85
-2
21
-73
-141
-85
15
37
52
161
194
60
83
267
304
200
115
81
93
50
-69
25
212
66
-27
174
38
-360
-327
-93
-92
66
386
336
186
173
6
-157
-88
-96
-201
-19
117
-48
-14
241
248
96
11
-102
-245
-279
-60
366
513
320
256
151
-175
-271
-127
-155
-231
-49
120
241
497
536
272
86
-103
-437
-467
-154
67
272
464
378
193
96
-23
-110
-124
-240
-354
-275
-198
-82
222
416
401
377
277
32
-106
-148
-239
-124
39
-64
-34
204
127
-45
133
262
86
63
158
21
-145
-139
-80
41
216
256
255
269
18
-201
-53
-61
-327
-359
-349
-443
-230
108
230
400
493
187
-11
44
-178
-390
-186
-48
-86
118
298
197
190
230
121
88
89
-74
-230
-170
-15
63
166
310
287
139
91
140
52
-192
-341
-383
-440
-244
178
427
489
477
282
39
-98
-321
-535
-403
-176
-125
63
414
488
342
299
156
-230
-534
-568
-433
-237
-18
251
466
401
162
47
4
-195
-331
-231
-208
-260
-129
50
122
164
101
-37
0
11
-165
-80
99
-201
-468
-169
121
65
201
511
362
23
-59
-123
-160
-4
71
-32
-57
-64
-147
-9
224
130
-66
-75
-24
37
180
233
81
-113
-238
-205
-76
-49
-62
-66
-75
-56
-13
30
19
-128
-257
-200
-147
-198
-112
51
66
122
189
8
-113
-55
-199
-287
-85
-122
-361
-219
78
96
203
464
390
94
-82
-213
-329
-310
-274
-252
-112
-4
14
179
335
195
-28
-131
-278
-432
-328
-49
121
189
293
311
121
-53
-106
-184
-283
-317
-299
-255
-63
239
411
359
152
-125
-366
-511
-572
-410
-52
64
12
166
238
-4
-138
-97
-203
-386
-314
-20
191
226
236
158
-106
-273
-133
1
-132
-204
-53
7
-31
25
80
25
-65
-32
185
296
122
52
54
-210
-354
-248
-287
-333
-176
-21
98
240
160
-15
-32
-211
-520
-458
-186
-62
87
361
451
288
90
-18
-141
-388
-512
-372
-205
-52
231
362
190
72
34
-120
-129
-42
-228
-362
-89
127
95
207
287
28
-213
-225
-219
-190
-115
-124
-134
-125
-119
14
203
198
56
-7
14
5
-60
-96
-28
-90
-306
-201
146
234
207
395
450
148
-151
-318
-453
-468
-323
-82
154
268
261
296
305
84
-229
-428
-525
-576
-547
-277
123
240
188
389
527
254
56
-4
-269
-392
-179
7
107
254
240
180
292
237
13
-10
-133
-421
-373
-141
-117
-12
201
151
105
200
58
-138
-96
-142
-313
-231
-145
-236
-105
135
225
343
353
141
-5
-90
-293
-267
48
93
-14
180
305
122
75
156
29
-173
-233
-133
-14
15
130
313
211
-52
-119
-113
-132
1
63
-53
8
103
-38
-28
182
119
-84
6
144
67
88
259
293
192
90
-6
-86
-119
-148
-74
116
179
174
233
162
-51
-183
-227
-242
-216
-239
-238
2
221
197
242
343
158
-89
-27
76
-38
-121
-69
-17
35
150
279
335
264
122
49
28
-122
-262
-163
-49
-31
167
463
504
364
247
87
-159
-316
-270
-63
90
67
96
306
339
77
-40
72
-52
-310
-211
88
211
205
208
205
161
132
128
119
64
-38
-56
45
103
116
159
136
88
97
55
47
143
32
-175
-167
-152
-223
-80
243
436
488
478
316
79
-150
-324
-316
-203
-113
142
504
537
359
319
195
-89
-285
-297
-199
-160
-139
83
385
450
435
549
477
88
-262
-375
-352
-290
-214
-50
142
201
231
415
507
296
94
66
-77
-225
-155
-169
-206
19
244
334
511
639
532
367
158
-231
-518
-509
-415
-209
192
488
550
603
577
303
-46
-401
-740
-815
-585
-247
163
647
927
772
479
291
-57
-448
-503
-386
-286
3
469
701
652
581
402
61
-132
-187
-360
-504
-423
-235
62
442
644
629
486
209
-91
-290
-462
-623
-541
-271
-25
293
634
734
650
513
193
-265
-554
-654
-660
-363
159
557
753
820
672
356
55
-274
-579
-650
-600
-430
-5
423
646
733
672
392
115
-38
-273
-458
-388
-296
-267
-124
32
106
257
483
569
475
273
20
-278
-534
-585
-460
-284
-16
327
654
849
768
455
117
-288
-758
-970
-838
-568
-70
639
999
877
685
335
-258
-570
-546
-664
-737
-320
185
431
751
923
514
-33
-285
-462
-490
-161
171
220
191
185
110
15
35
44
-35
-5
146
211
148
53
-179
-521
-554
-222
62
296
603
678
469
294
-25
-582
-869
-866
-737
-244
437
830
904
719
266
-219
-613
-975
-994
-551
-31
443
920
1135
885
360
-125
-480
-741
-777
-513
-154
103
286
435
435
230
-64
-265
-360
-368
-216
55
246
223
62
-93
-209
-199
-36
190
358
345
180
2
-217
-496
-644
-514
-234
66
384
655
713
431
-91
-522
-758
-852
-591
-22
331
465
759
889
512
-29
-443
-818
-1007
-744
-201
370
770
807
566
258
-148
-572
-704
-635
-471
-80
312
464
535
470
144
-240
-505
-610
-417
-66
146
338
448
201
-150
-310
-454
-551
-311
77
306
404
307
33
-223
-459
-608
-474
-156
115
427
778
797
420
-10
-362
-691
-835
-635
-223
218
615
883
844
380
-269
-759
-989
-980
-682
-181
307
687
874
737
347
-139
-628
-907
-789
-410
13
494
834
761
515
242
-233
-682
-753
-632
-406
37
400
474
465
256
-193
-422
-462
-584
-438
58
265
284
534
445
-124
-383
-482
-744
-555
71
449
644
780
471
-57
-373
-631
-751
-465
-127
61
404
676
561
369
113
-385
-742
-794
-684
-244
398
681
709
760
414
-238
-507
-563
-711
-538
10
333
341
358
308
27
-218
-203
-150
-220
-237
-93
100
192
111
-32
-63
-110
-194
4
394
467
291
217
42
-345
-538
-514
-384
-29
326
505
677
635
142
-336
-539
-781
-884
-540
-92
279
706
904
733
445
-15
-602
-821
-723
-658
-375
154
417
458
573
520
253
83
-94
-303
-243
-80
-97
-78
5
-59
-50
193
322
291
261
175
2
-211
-434
-572
-544
-417
-196
244
720
856
662
418
84
-434
-806
-785
-625
-464
-70
470
781
919
874
429
-114
-449
-693
-718
-384
-63
91
320
462
385
325
172
-168
-300
-157
-86
-45
51
-3
-95
-33
69
186
320
301
144
57
31
-84
-245
-361
-369
-280
-135
163
553
725
553
310
50
-346
-586
-560
-476
-222
218
475
541
595
386
-86
-341
-410
-509
-346
62
337
484
600
472
140
-129
-370
-571
-537
-306
-51
195
389
440
370
189
-36
-186
-240
-177
14
189
283
339
347
266
87
-86
-165
-210
-200
3
318
439
349
137
-183
-412
-436
-333
-77
241
352
309
315
288
124
-43
-182
-329
-318
-129
151
442
538
363
93
-183
-417
-443
-311
-251
-145
93
245
357
493
365
-17
-244
-328
-344
-24
395
453
385
343
37
-318
-317
-276
-338
-105
205
288
479
660
407
5
-200
-471
-696
-444
-25
223
490
703
543
144
-215
-528
-751
-697
-351
57
359
617
755
584
246
-72
-386
-619
-575
-297
6
329
610
665
528
258
-153
-518
-581
-402
-133
195
442
451
216
-104
-277
-288
-285
-162
134
256
127
123
174
-51
-311
-365
-439
-505
-195
301
545
613
560
229
-222
-526
-623
-499
-218
64
386
669
705
591
397
5
-447
-703
-730
-494
-78
233
495
723
523
91
-44
-193
-587
-590
-163
2
-4
195
256
59
-52
-97
-198
-224
-189
-104
140
280
137
49
38
-156
-321
-228
-86
64
220
174
126
86
-272
-504
-274
-180
-280
-20
229
48
0
131
-39
-140
-12
-131
-247
-38
30
-67
88
187
36
-50
-157
-269
-112
92
167
263
201
-106
-175
-35
-65
0
139
-82
-276
-78
11
-110
23
96
-185
-244
-1
46
68
239
76
-334
-428
-317
-275
-149
23
26
-45
-14
53
37
-42
-217
-440
-451
-228
-62
16
141
204
77
-32
16
19
-130
-195
-66
46
37
51
84
-20
-209
-291
-245
-174
-77
5
41
86
102
41
-45
-167
-276
-251
-91
49
137
243
223
73
-46
-131
-289
-396
-314
-181
-58
82
82
-77
-169
-178
-169
-83
-41
-205
-267
-30
156
169
170
-8
-398
-593
-484
-320
-111
161
206
29
14
84
-101
-311
-317
-346
-371
-114
265
367
298
218
-65
-393
-409
-301
-258
-101
127
197
200
230
94
-197
-405
-528
-515
-228
106
259
333
318
82
-181
-323
-505
-671
-598
-337
36
463
650
454
154
-150
-534
-697
-522
-344
-205
88
407
509
388
128
-223
-511
-651
-655
-504
-211
72
277
360
251
30
-232
-473
-527
-416
-251
-27
222
327
201
20
-70
-145
-228
-245
-212
-139
-29
77
172
165
-95
-357
-407
-401
-311
-64
125
160
198
147
-94
-277
-329
-335
-199
57
237
283
175
-48
-175
-252
-372
-324
-146
-78
75
361
482
348
89
-335
-805
-945
-748
-368
176
556
623
598
481
126
-306
-651
-881
-883
-605
-141
359
657
667
533
260
-256
-707
-787
-750
-559
-1
495
595
536
408
86
-252
-404
-477
-473
-321
-142
53
244
233
72
-13
-136
-355
-386
-205
32
252
318
224
78
-202
-479
-482
-333
-181
149
527
600
457
271
-72
-476
-650
-625
-532
-257
179
520
657
644
395
-89
-546
-740
-737
-518
-33
428
603
624
498
97
-305
-427
-546
-650
-401
-75
60
259
420
241
-20
-110
-213
-302
-172
-30
8
146
269
192
15
-175
-337
-312
-113
76
194
220
142
59
-25
-122
-133
-114
-119
-7
227
345
285
119
-98
-250
-283
-246
-127
28
104
226
375
241
-28
-114
-223
-343
-196
21
63
149
297
312
303
251
-33
-347
-495
-552
-385
10
347
553
555
321
98
-49
-292
-447
-323
-242
-297
-108
229
347
389
420
239
-32
-255
-488
-585
-450
-331
-181
152
403
525
618
489
148
-111
-307
-517
-473
-243
-145
100
575
757
673
640
369
-159
-435
-454
-523
-459
-190
39
204
387
469
430
287
46
-145
-299
-445
-314
-21
80
139
315
311
106
28
-7
-191
-305
-227
-113
-25
67
147
175
143
62
-42
-116
-103
-35
28
119
201
127
4
63
161
49
-66
-6
-11
-77
81
253
164
51
-2
-91
-62
103
248
335
286
81
-32
48
3
-154
-53
112
5
52
317
274
28
-94
-304
-539
-421
-182
-125
70
388
467
456
476
273
-58
-275
-445
-480
-264
-63
41
180
246
210
129
-18
-117
-45
43
69
183
274
122
-79
-100
-28
47
112
172
198
90
-50
-89
-181
-343
-320
-160
-8
286
639
710
541
332
38
-289
-464
-505
-447
-271
-41
255
503
571
533
355
-76
-486
-597
-477
-242
97
379
544
587
426
185
-39
-356
-664
-670
-405
-130
97
224
252
280
211
80
34
-52
-219
-198
5
83
117
241
158
-73
-73
78
161
220
252
106
-152
-322
-327
-251
-169
-27
127
169
232
406
399
86
-175
-342
-647
-749
-427
-100
132
440
575
406
253
136
-111
-269
-243
-206
-76
173
274
244
281
216
70
98
36
-272
-389
-233
-126
-45
131
190
10
-125
-78
-18
37
109
55
-84
-166
-193
-186
-143
-70
14
101
155
132
96
70
-68
-204
-228
-303
-276
39
289
343
432
369
4
-287
-334
-371
-367
-275
-218
-119
166
415
454
354
61
-355
-567
-533
-364
-96
72
100
175
251
184
63
-20
-158
-317
-290
-76
31
31
130
178
10
-118
26
174
80
24
72
-46
-210
-197
-147
-131
-45
7
6
70
100
71
93
70
-90
-221
-260
-322
-368
-267
-116
-11
108
236
234
60
-141
-222
-283
-322
-182
8
103
222
291
174
70
1
-197
-366
-321
-286
-310
-109
153
227
268
198
-90
-249
-139
-87
-65
115
137
-54
-81
-41
-86
-35
43
-81
-234
-176
-60
-20
-14
-69
-186
-251
-209
-109
-1
98
131
61
5
-3
-71
-197
-248
-154
-14
-61
-187
-67
77
-64
-119
45
4
-245
-290
-119
-17
-14
63
202
156
-1
-21
-83
-301
-297
3
130
71
108
-22
-308
-269
-37
39
121
114
-122
-188
-39
-55
-121
-81
-158
-303
-276
-158
-17
151
157
72
94
-35
-264
-241
-147
-152
10
200
161
186
229
-30
-172
-116
-290
-376
-142
-124
-241
20
244
120
120
93
-260
-410
-288
-281
-131
154
71
-79
42
-64
-258
-57
62
-85
5
133
-20
-8
180
108
26
148
91
-37
105
230
137
52
-14
-150
-268
-265
-112
39
106
154
157
68
-32
-79
-130
-180
-199
-239
-194
10
130
159
274
289
17
-243
-237
-216
-282
-208
-8
97
152
239
296
240
7
-239
-272
-283
-383
-288
7
191
238
318
335
196
11
-176
-244
-204
-293
-339
-81
130
48
43
197
68
-205
-165
-77
-209
-248
-43
85
77
171
249
126
-7
-32
-34
-28
-1
33
92
78
-37
-91
-154
-263
-164
95
274
418
471
264
-19
-214
-416
-500
-347
-203
-72
249
517
506
423
258
-110
-431
-557
-580
-362
57
304
379
474
429
146
-52
-128
-349
-489
-281
-33
99
291
401
272
163
104
-80
-164
-30
-6
-79
26
109
12
-2
41
-29
-29
99
166
238
310
179
-96
-310
-399
-361
-166
148
423
534
501
380
159
-135
-408
-586
-554
-324
-22
347
722
828
586
251
-78
-457
-711
-635
-318
8
287
591
703
440
72
-194
-467
-670
-525
-132
214
448
583
575
376
62
-153
-225
-260
-235
-43
242
388
367
253
28
-267
-494
-491
-224
113
411
717
806
484
57
-271
-640
-816
-494
47
467
844
980
626
147
-246
-682
-938
-866
-578
-57
583
947
1046
944
362
-345
-638
-788
-863
-413
296
552
564
649
416
-79
-390
-526
-537
-337
-56
210
567
710
399
76
-115
-416
-574
-270
166
391
532
571
329
-78
-420
-624
-686
-524
-118
324
618
725
580
105
-366
-516
-562
-565
-268
143
391
571
697
559
101
-392
-635
-602
-380
54
577
824
713
517
251
-240
-688
-793
-647
-327
161
607
812
709
338
-66
-357
-578
-627
-367
10
308
553
653
511
205
-246
-599
-560
-356
-183
157
480
389
125
14
-139
-373
-397
-173
103
346
544
610
419
15
-366
-617
-778
-626
-124
325
649
919
801
278
-233
-619
-880
-804
-363
139
485
658
695
569
269
-109
-411
-582
-661
-560
-189
280
537
523
447
321
10
-319
-292
-58
-66
-48
283
400
169
84
56
-224
-456
-352
-109
116
261
253
170
25
-201
-292
-198
-149
-108
152
377
355
302
208
-66
-343
-464
-425
-230
84
370
514
508
346
92
-164
-383
-485
-418
-240
-6
334
583
468
182
-40
-301
-547
-521
-266
-138
-99
91
279
303
232
90
-97
-211
-205
-80
153
248
70
-88
-117
-179
-173
-17
94
61
62
156
161
21
-70
-132
-348
-510
-370
-125
81
414
654
433
86
-135
-464
-673
-531
-396
-256
137
437
466
546
409
-87
-322
-384
-607
-475
37
272
375
594
390
-96
-195
-264
-455
-235
24
-66
72
319
146
55
149
-132
-327
-77
-29
-124
126
226
-75
-234
-305
-460
-332
-42
124
306
405
214
-24
-186
-418
-529
-347
-103
117
341
465
437
278
-14
-311
-505
-658
-604
-251
42
247
491
462
144
-101
-243
-380
-371
-217
-97
41
240
301
212
105
-74
-276
-285
-191
-120
41
143
22
-132
-223
-336
-359
-173
100
280
331
315
205
-42
-236
-245
-255
-351
-236
101
302
394
467
269
-112
-320
-399
-455
-357
-84
128
206
251
238
87
-144
-375
-424
-242
-31
152
365
435
278
15
-247
-458
-556
-534
-340
21
267
372
494
367
-17
-318
-502
-576
-387
13
329
395
333
269
141
-112
-323
-386
-400
-347
-142
141
267
253
164
2
-103
-210
-319
-215
37
186
255
373
367
139
-79
-228
-367
-410
-260
-13
205
367
348
212
60
-215
-419
-337
-174
-98
7
206
279
172
19
-160
-323
-399
-325
-140
76
290
371
266
129
-45
-317
-464
-419
-326
-38
486
745
481
187
23
-363
-627
-382
-154
-115
108
388
476
521
458
148
-169
-327
-397
-308
-54
113
165
218
163
-18
-216
-434
-504
-349
-134
129
387
420
194
-31
-164
-309
-355
-233
-152
-60
228
496
448
160
-164
-461
-570
-323
61
276
377
422
284
114
71
-39
-243
-368
-436
-334
67
458
578
516
307
-8
-211
-317
-441
-329
-34
103
221
484
598
348
45
-180
-459
-548
-276
40
251
447
539
378
139
-82
-335
-428
-293
-139
11
252
351
185
36
4
4
6
-28
-13
36
46
142
271
227
7
-194
-331
-376
-164
173
331
359
312
125
-7
20
-16
-101
-83
-3
96
134
209
377
372
181
19
-158
-407
-402
-29
161
125
241
245
33
19
118
19
-12
108
-20
-247
-152
24
110
283
343
109
-41
-34
-53
88
251
120
-29
-42
-89
-55
126
183
55
62
168
129
33
-16
-27
24
66
102
204
283
214
63
12
-14
-192
-245
1
238
318
411
520
342
-63
-204
-192
-230
-54
228
285
300
371
239
105
152
-60
-381
-313
-210
-241
47
398
336
260
264
-42
-190
29
7
-102
42
33
-105
143
412
235
115
169
-51
-209
20
162
87
72
17
-70
60
164
98
161
229
25
-71
88
122
84
206
209
12
-50
14
-9
39
236
364
345
267
160
-33
-243
-275
-265
-362
-339
-84
281
642
819
665
296
-72
-414
-568
-396
-112
85
284
498
559
436
242
37
-217
-510
-562
-290
-85
3
309
582
452
238
148
-20
-161
-176
-231
-195
3
45
-46
9
7
-120
-35
141
159
260
404
269
53
-61
-197
-233
-171
-163
-68
164
261
183
181
135
-96
-231
-387
-648
-551
-27
495
778
735
324
-70
-185
-388
-518
-206
31
-20
99
327
411
517
564
175
-556
-968
-659
-103
269
589
771
586
246
-20
-285
-498
-426
-285
-241
-31
236
305
355
374
62
-356
-475
-406
-382
-314
11
400
527
432
213
-136
-493
-621
-481
-262
44
401
475
233
2
-97
-208
-371
-391
-231
16
334
609
653
534
315
-41
-516
-877
-743
-278
80
420
582
240
-179
-272
-300
-318
-122
-42
-194
-130
193
537
773
630
-49
-827
-1156
-978
-416
244
666
762
554
193
-134
-438
-649
-592
-378
-190
130
474
537
482
313
-125
-577
-820
-887
-631
53
637
733
597
265
-238
-519
-490
-390
-196
85
277
424
479
277
-14
-279
-628
-888
-773
-360
116
577
867
786
314
-242
-564
-660
-674
-576
-239
222
624
799
648
292
-223
-752
-959
-801
-467
-57
296
425
374
238
38
-108
-228
-481
-593
-367
-103
21
192
367
280
-5
-309
-528
-527
-320
-87
156
418
399
163
-45
-393
-727
-681
-374
-113
112
394
509
290
-67
-314
-473
-576
-511
-258
75
387
613
644
436
102
-347
-708
-699
-566
-423
-16
380
407
375
324
-65
-474
-604
-699
-664
-367
-150
19
455
684
384
77
-268
-752
-840
-574
-356
-42
296
324
328
307
-26
-157
-88
-406
-631
-340
-75
-52
157
365
249
156
66
-243
-419
-369
-332
-172
100
122
18
-5
-138
-315
-325
-195
-39
47
151
286
153
-150
-224
-327
-568
-446
-165
-139
31
408
373
125
99
-190
-596
-543
-603
-776
-273
408
495
458
381
-150
-494
-297
-215
-214
-46
-43
-153
12
246
394
467
50
-560
-537
-179
29
237
312
106
-96
-193
-255
-122
56
48
-37
-121
-149
8
152
17
-171
-239
-279
-213
-157
-209
-43
272
296
203
222
-48
-387
-215
-36
-98
21
81
-69
-13
84
-59
-34
43
-241
-311
49
216
205
273
78
-283
-244
-108
-229
-149
63
6
-63
-6
20
102
161
-72
-320
-244
-101
-28
170
387
426
405
341
75
-257
-443
-492
-410
-170
51
147
257
305
189
77
-9
-211
-422
-391
-232
-43
285
507
327
7
-153
-270
-335
-240
-147
-97
48
187
282
361
275
97
37
-78
-228
-60
201
291
434
501
246
34
-25
-310
-577
-515
-456
-279
275
666
582
385
145
-225
-381
-244
-127
-65
49
193
317
378
290
108
-71
-351
-546
-379
-119
54
311
511
415
142
-63
-212
-274
-73
191
283
259
207
129
87
108
-43
-233
-146
-145
-298
-118
182
172
152
241
141
-51
-60
-41
-35
139
326
318
248
164
-6
-138
-186
-222
-169
-23
124
173
102
67
121
59
-145
-235
-141
-73
-28
237
545
562
432
282
-48
-399
-380
-150
-103
-24
232
312
318
400
253
-56
-178
-235
-388
-204
259
425
437
468
231
-43
-88
-159
-287
-219
-94
51
278
323
275
357
261
-102
-191
17
-3
-85
39
50
6
132
153
28
76
176
21
-155
-88
-73
-117
41
144
-22
-52
68
-55
-106
239
339
97
134
112
-220
-142
248
180
-75
-21
-64
-219
28
286
167
112
169
43
36
233
128
-157
-148
-49
-7
218
423
292
115
146
190
93
-50
-96
-59
16
187
351
285
49
-180
-279
-222
-115
-78
-19
6
-101
-68
117
83
-93
-87
-5
24
187
351
303
264
224
-3
-174
-163
-197
-199
-12
170
215
228
192
40
-137
-124
-5
26
55
169
255
317
373
265
-7
-222
-315
-335
-187
66
149
122
180
163
73
75
11
-157
-204
-180
-98
194
443
422
292
69
-244
-378
-312
-251
-101
75
75
172
284
73
-87
-6
-82
-228
-14
186
-11
-117
-34
-76
-122
-104
-172
-157
-11
-100
-200
57
103
-176
-100
151
92
70
257
254
114
72
62
117
75
-208
-331
-197
-160
-132
173
388
207
-3
55
6
-280
-305
-29
74
-3
24
60
-3
26
42
-83
-127
-159
-283
-160
111
74
-21
174
250
59
-41
-63
-229
-362
-212
48
117
-50
-181
-103
-183
-398
-274
-71
-110
-77
115
214
229
212
136
102
30
-204
-264
-58
28
32
176
181
-45
-117
-153
-282
-213
-79
-118
-110
-24
-62
-48
50
27
-28
-50
-141
-184
-116
-114
-193
-171
-19
48
25
98
154
11
-115
-88
-65
-59
84
141
-105
-244
-66
-28
-140
-106
-96
-174
-97
57
95
62
0
-114
-184
-104
10
33
43
29
-110
-216
-122
13
8
13
118
64
-138
-186
-90
-8
47
59
38
-23
-122
-105
31
31
-81
-42
-7
-229
-303
-123
-94
-47
205
207
-17
-10
24
-54
-1
29
-95
-185
-235
-216
-59
90
116
87
43
-13
-18
-94
-280
-280
-190
-195
-100
87
102
159
377
276
-43
-156
-331
-513
-265
129
272
396
514
285
-62
-177
-308
-478
-417
-239
-167
-28
229
415
400
192
-55
-250
-402
-340
-114
5
71
193
191
117
144
-1
-337
-408
-269
-220
-98
143
180
166
383
400
100
-33
-59
-200
-171
37
93
78
92
-28
-84
-6
-146
-332
-219
-94
-103
91
307
160
10
11
-221
-359
-98
55
8
82
47
-216
-169
181
223
58
-10
-181
-271
1
279
312
330
167
-167
-172
-19
-43
45
189
58
-101
21
59
-128
-153
-63
-90
-113
-20
83
63
-25
-27
37
25
-8
70
112
41
58
134
155
118
-35
-268
-318
-156
-52
59
228
215
105
131
71
-145
-197
-92
-92
-59
103
181
220
333
291
107
50
-26
-261
-301
-67
78
121
226
230
67
7
49
-32
-141
-39
51
-44
-53
80
76
-24
-32
-29
-30
78
236
213
40
70
212
118
-91
-68
53
-45
-92
129
173
32
123
252
104
-97
-192
-204
-81
52
104
183
148
-36
-6
160
133
59
145
171
101
90
62
30
74
42
-7
72
40
-64
126
292
134
56
138
56
-42
37
76
24
-6
-31
53
189
183
155
177
61
-116
-91
76
111
-5
-78
-65
-70
-10
219
396
272
16
-54
43
126
118
57
36
12
-23
120
393
455
287
205
128
-178
-324
-120
9
60
224
266
146
117
99
57
91
37
-58
103
266
197
188
264
115
-143
-196
-129
-119
-32
127
151
78
79
136
122
18
-8
-7
-12
165
360
303
214
199
50
-97
-3
9
-210
-219
-17
59
129
282
295
230
228
107
-53
-42
-86
-157
-44
53
75
256
367
203
110
132
-41
-126
63
49
-102
20
145
109
256
434
325
195
180
88
-21
-35
-20
69
178
108
-17
-27
18
125
221
178
76
10
-59
-105
-109
-189
-254
-130
35
175
351
386
204
50
26
-98
-253
-194
-80
33
297
460
340
235
262
192
80
48
-25
30
224
229
136
161
59
-155
-128
-37
-73
71
190
53
65
164
3
-117
-52
-130
-223
20
311
334
299
237
-3
-183
-173
-161
-151
-155
-219
-125
133
318
427
460
246
-82
-206
-151
-39
141
251
237
221
161
54
28
-14
-161
-212
-138
-103
14
212
291
255
158
9
-95
-150
-182
-121
3
45
18
-27
-83
-84
-38
-34
30
167
173
18
-73
3
126
226
266
149
-27
-16
70
50
2
-53
-154
-169
-19
138
167
124
92
105
164
137
-3
-111
-193
-277
-209
25
158
48
-39
62
35
-118
-84
3
-42
-7
98
108
134
153
23
-51
-31
-125
-147
-5
-24
-121
-14
154
144
49
22
-33
-164
-166
-18
47
4
46
138
53
-67
13
68
-62
-112
-95
-163
-124
117
283
261
190
122
4
-90
-64
-22
-89
-220
-243
-122
0
105
179
81
-39
-35
-94
-153
-34
-52
-260
-171
41
-23
52
283
40
-318
-158
49
-56
-80
57
20
-67
81
206
61
-98
-107
-101
-111
-84
-31
-45
-70
-25
-2
50
137
73
-23
109
196
19
42
245
16
-273
-143
-107
-259
-65
222
144
71
114
-23
-84
23
-32
-70
66
-33
-291
-130
137
64
70
208
5
-263
-219
-138
-161
-102
-52
-107
-79
-37
-136
-140
-7
37
63
152
79
-215
-348
-162
-43
-78
-79
-111
-126
52
279
382
355
143
-139
-207
-197
-202
-45
147
158
95
139
208
188
106
-68
-287
-418
-489
-402
-71
221
292
319
295
85
-96
-56
-48
-226
-314
-189
-54
-12
1
19
84
93
-58
-121
41
80
-70
-130
-154
-230
-157
51
93
31
86
119
39
8
7
-6
1
-91
-237
-177
-23
-9
49
237
286
264
269
23
-274
-220
-164
-282
-177
42
63
82
131
-3
-48
93
39
-103
-115
-212
-298
-140
-21
-67
69
188
-6
-9
201
98
-30
87
10
-246
-239
-143
-173
-33
183
179
180
258
184
42
42
28
-162
-316
-259
-129
-34
124
297
295
226
163
-24
-157
-58
2
-50
36
128
60
68
159
50
-127
-114
-108
-227
-212
-33
56
-5
-79
-93
-109
-90
72
280
352
278
149
-29
-176
-156
-41
39
100
157
178
120
51
25
17
8
-4
-17
-52
-26
97
114
89
184
139
-30
-17
12
-125
-82
102
36
-26
119
121
14
30
-25
-121
-18
75
5
83
279
210
-49
-224
-280
-221
-111
-60
26
184
242
232
269
129
-146
-245
-275
-275
-7
324
338
244
241
60
-216
-259
-252
-255
-30
325
530
480
348
278
91
-175
-202
-85
-91
-45
81
87
142
267
217
109
64
-102
-252
-122
67
135
157
139
204
302
200
106
148
0
-239
-168
-14
-62
39
288
226
15
-3
7
-37
13
65
23
56
105
-59
-176
-69
-17
-19
123
223
156
143
170
60
-13
36
23
-20
-4
69
206
293
229
74
-36
-102
-226
-348
-272
-79
39
243
485
452
357
402
281
-10
-97
-70
-163
-130
76
168
128
123
142
78
-54
-88
-85
-158
-162
23
249
266
171
158
80
-87
-62
46
-4
-27
42
-3
-103
-81
-13
34
69
-3
-83
15
105
83
180
310
238
104
8
-82
-75
-58
-128
-87
67
141
177
235
177
-21
-61
6
-30
1
116
34
-99
-45
29
51
167
157
-34
-65
-13
-66
15
189
147
43
37
-68
-116
85
213
163
115
29
-105
-64
50
-14
-41
73
40
-65
-25
43
54
97
59
-64
12
134
39
-25
-28
-174
-228
2
124
-30
-96
-38
-48
90
367
357
94
-37
-110
-264
-208
74
117
-89
-60
64
-30
-63
45
30
-47
-53
-51
-80
-36
119
234
178
28
-44
-34
-51
-45
-4
-55
-108
-33
-3
-56
-43
-41
-97
-47
17
-11
40
120
68
41
55
-55
-140
-65
-72
-149
-55
-9
-80
51
241
138
-109
-237
-242
-205
-83
109
135
7
57
180
83
-85
-147
-176
-220
-226
-184
-150
-8
162
177
93
-29
-208
-278
-167
-23
96
154
8
-208
-229
-80
81
173
203
178
124
11
-142
-210
-213
-253
-237
-92
58
123
126
22
-139
-200
-219
-292
-363
-309
-60
234
358
304
182
5
-143
-139
-69
-89
-204
-276
-168
69
161
42
-120
-345
-507
-291
59
154
139
196
116
-107
-73
56
-167
-390
-267
-195
-218
-7
156
16
-165
-300
-439
-347
-132
-60
106
392
352
114
111
133
-12
-31
-4
-217
-412
-453
-552
-577
-379
-199
-96
15
1
-15
144
204
68
96
276
269
188
162
-50
-314
-408
-567
-801
-759
-501
-273
-46
81
93
212
311
297
342
356
239
109
46
31
44
-54
-284
-396
-464
-593
-571
-479
-554
-545
-247
-66
-85
59
184
53
-29
49
65
65
137
119
20
-61
-130
-154
-172
-241
-262
-201
-131
-109
-118
-162
-165
-103
-128
-161
-19
156
289
415
359
93
-94
-147
-192
-220
-233
-285
-332
-346
-342
-287
-218
-254
-333
-344
-301
-185
52
214
236
266
275
216
214
213
76
-33
-72
-169
-251
-252
-304
-370
-323
-121
116
96
-65
-36
-29
-186
-171
-45
-108
-159
-100
-177
-273
-230
-297
-283
84
324
168
47
-6
-235
-257
16
4
-140
-23
60
22
93
86
-216
-435
-335
-257
-215
-19
73
-80
-141
-44
-25
40
211
202
31
-45
-15
-36
-84
-78
-83
-155
-270
-259
-122
-52
31
177
168
-14
-177
-288
-372
-248
56
195
112
110
267
314
213
84
-110
-291
-337
-243
-63
34
-36
-77
-8
-29
-191
-226
-157
-179
-129
62
116
107
172
88
-149
-278
-306
-237
-86
-47
10
250
306
100
11
-37
-224
-283
-106
11
73
301
416
301
250
145
-165
-435
-604
-665
-410
-62
-26
65
325
204
-55
9
20
-138
-20
182
81
-14
-13
-67
-26
73
93
97
-1
-278
-411
-206
-90
-106
4
2
-69
37
134
135
214
247
75
19
162
148
36
-39
-182
-254
-81
99
81
45
66
-2
-40
37
60
31
6
-70
-106
-16
-12
-39
88
69
-142
-142
-16
-89
-159
-22
58
-6
59
160
64
38
105
-27
-171
-45
57
-2
76
180
24
-112
-24
9
-5
142
235
166
191
240
129
42
4
-174
-284
-153
-66
-115
-155
-128
18
113
25
-2
35
-30
-41
91
78
2
157
229
60
82
163
-17
-32
190
132
-17
71
51
-82
15
80
-28
-4
98
86
127
257
211
41
-5
-36
-189
-339
-320
-133
18
14
-42
23
140
128
96
74
-119
-286
-191
-68
-15
172
353
350
377
445
290
62
-68
-206
-215
-7
-8
-217
-122
14
-104
-7
214
99
-29
49
4
-79
55
89
1
41
-20
-158
-82
6
-53
83
285
87
-95
-8
-202
-412
-188
-57
-147
47
320
269
173
216
158
57
1
-225
-473
-402
-150
29
233
390
287
193
306
249
-16
-94
-60
-144
-170
-118
-213
-242
28
283
337
235
-39
-275
-246
-151
-80
74
37
-92
160
340
154
91
117
-110
-212
27
49
-143
-134
-88
-85
22
77
86
246
303
54
-79
-55
-139
-67
67
-73
-211
-120
-38
-35
-4
-36
-107
-69
-27
20
107
71
-11
24
12
-166
-270
-162
4
156
224
113
-55
-92
4
51
-59
-186
-226
-220
-46
204
200
41
10
38
58
65
-81
-214
-129
-80
-69
102
152
19
130
326
140
-34
45
-128
-372
-300
-281
-346
-133
37
-44
54
186
60
104
239
0
-223
-119
-128
-187
51
235
155
136
118
-66
-174
-136
-125
-46
114
91
-97
-228
-278
-296
-221
-86
-70
-118
-38
63
68
121
136
-112
-366
-380
-363
-262
79
295
214
147
92
-72
-164
-180
-244
-266
-229
-236
-188
29
204
251
378
462
226
-69
-147
-188
-232
-150
-28
-28
-82
-56
13
20
-68
-173
-159
-128
-172
-164
-95
-115
-202
-140
-26
-73
-93
46
122
47
-26
-66
-170
-154
-42
-111
-166
-77
-45
9
216
280
57
-153
-274
-369
-273
-80
-60
-132
-150
-160
-173
-173
-146
-93
-81
-110
-88
-44
-13
63
107
73
42
-41
-148
-117
-11
38
64
52
-3
-6
-46
-200
-263
-212
-252
-318
-274
-145
75
291
281
157
98
-94
-307
-251
-208
-312
-214
19
71
75
123
-17
-191
-200
-183
-166
-140
-179
-152
-13
26
-13
155
256
91
112
187
-110
-394
-360
-363
-427
-258
-98
-45
215
394
203
36
2
-143
-209
-118
-206
-302
-174
-112
-144
-50
12
-39
-9
42
-78
-185
-158
-167
-181
-73
34
106
220
292
261
184
5
-249
-307
-279
-349
-313
-182
-131
35
376
489
340
304
191
-188
-408
-446
-537
-455
-197
-83
-36
67
92
143
247
124
-99
-215
-272
-188
65
258
232
113
29
-44
-67
-86
-172
-254
-342
-426
-313
-80
10
75
191
109
-63
-43
52
91
71
-33
-219
-352
-307
-151
9
95
48
2
53
118
164
222
195
19
-96
-12
7
-170
-269
-168
-85
-59
94
226
107
-77
-152
-176
-146
-42
37
100
168
128
98
156
0
-244
-224
-204
-368
-254
67
11
-137
21
21
-93
138
337
162
-27
-112
-287
-354
-142
61
196
329
281
116
62
-31
-246
-269
-157
-206
-112
241
357
254
318
345
61
-195
-236
-258
-265
-263
-183
65
218
101
47
150
106
-37
-33
-70
-165
-85
2
-23
104
303
305
247
277
136
-150
-152
-77
-266
-237
37
13
-25
204
186
4
66
30
-124
0
29
-147
-11
205
98
124
320
160
-59
-34
-146
-246
-42
84
71
241
270
13
-25
70
24
125
235
41
-104
1
-18
-83
80
73
-158
-163
-95
-160
-45
193
262
289
273
78
-49
-90
-197
-143
66
120
139
298
298
130
65
-25
-191
-250
-298
-347
-129
279
471
475
544
445
120
46
82
-180
-383
-313
-312
-243
112
279
145
177
268
170
166
156
-108
-221
-39
46
117
299
278
218
303
230
110
192
125
-146
-193
-131
-178
-82
36
-25
34
174
112
103
222
128
-65
-15
-11
-169
-172
-118
-134
-108
7
215
437
475
395
343
128
-191
-279
-226
-172
-11
197
303
346
348
302
308
240
9
-76
-62
-240
-294
-56
65
24
138
259
233
211
108
-68
-173
-247
-253
-60
59
-38
83
395
377
202
157
55
-136
-179
-73
-31
-18
118
248
220
118
105
145
153
183
189
117
76
-11
-174
-170
-25
11
78
228
217
128
57
-84
-136
27
106
11
12
84
26
25
152
136
5
-30
-77
-170
-110
80
227
283
251
194
188
214
136
-61
-182
-120
34
218
358
253
-24
-186
-236
-197
-25
43
-67
-15
255
339
266
313
202
-118
-231
-146
-122
-81
52
128
147
108
43
104
76
-108
-103
25
-35
-111
50
224
192
173
169
-29
-229
-219
-127
-63
0
30
22
34
117
252
328
260
107
-8
8
52
10
-42
-102
-173
-142
16
174
244
261
257
203
162
178
152
65
-48
-145
-130
-51
-3
90
180
70
-39
14
-28
-115
-95
-171
-254
-89
120
158
171
188
134
127
178
152
46
-77
-218
-357
-399
-306
-82
114
265
524
555
213
16
-42
-277
-418
-333
-301
-194
143
386
426
342
118
-42
-49
-173
-364
-272
-71
-49
76
327
338
196
103
-54
-166
-133
-156
-127
112
223
132
162
205
66
57
211
114
-126
-48
121
-1
-109
-57
-150
-268
-139
11
-16
60
214
121
-15
-4
-88
-178
-84
6
45
192
241
89
69
135
33
-68
-107
-234
-275
-114
0
52
135
103
34
70
15
-62
56
127
30
39
82
-19
-37
31
-33
-72
-9
-28
-47
80
127
43
66
112
73
105
136
50
19
16
-76
-80
29
28
-40
-45
-70
-144
-180
-139
-45
52
54
-1
36
101
60
87
181
107
-75
-170
-232
-323
-234
-11
32
5
139
192
95
92
88
-91
-214
-179
-157
-9
243
300
263
226
-32
-310
-217
-120
-260
-179
44
40
89
247
216
165
204
63
-83
-102
-304
-398
-138
18
82
266
182
-119
-39
184
59
-12
126
52
-43
91
92
-45
15
78
-20
-41
-29
-174
-234
-94
18
35
63
68
22
56
154
116
45
71
36
-87
-84
32
-43
-153
12
122
-66
-138
17
52
-11
5
66
153
146
47
130
183
-57
-147
43
90
50
166
187
79
55
-54
-259
-244
-136
-73
120
283
224
179
219
191
99
-115
-364
-372
-188
-37
86
204
201
79
-27
-16
27
-13
-57
-14
41
30
38
131
196
149
51
14
27
11
18
158
240
100
-5
58
29
-67
-14
75
56
34
83
168
223
129
-35
-76
-139
-263
-191
-3
38
81
202
198
218
330
267
137
36
-181
-197
139
276
111
76
65
-154
-198
70
215
181
174
125
39
50
23
-45
-14
1
2
117
207
186
269
399
328
132
-76
-280
-299
-161
-119
-54
156
201
64
111
199
30
-68
51
58
33
146
133
46
143
176
57
83
118
-46
-12
236
268
249
340
197
-37
14
88
43
116
142
45
88
137
13
12
98
-88
-270
-166
-94
-32
260
430
292
215
262
256
243
158
-99
-214
-115
-73
19
241
272
101
98
227
178
46
-30
-127
-175
-67
93
204
313
371
299
179
76
-78
-211
-172
-55
18
130
218
157
102
145
131
15
-58
-51
-19
70
180
200
108
0
-7
40
84
197
304
258
192
200
145
47
47
-24
-164
-112
46
171
328
367
181
10
-36
-90
-40
148
178
87
139
188
97
35
-40
-236
-310
-129
28
85
234
388
292
76
-62
-162
-186
-59
74
126
206
247
193
237
331
180
-114
-235
-179
-41
224
444
461
332
155
12
14
20
-73
-101
-82
-202
-199
31
114
57
65
41
9
94
159
174
223
94
-115
-86
14
6
45
112
64
-3
-30
-68
-32
-60
-238
-228
-16
87
213
416
322
74
59
17
-137
-110
-88
-164
-76
86
98
101
171
113
-34
-94
-39
95
221
301
342
224
-10
-78
50
151
238
300
197
60
40
0
-67
-87
-213
-299
-154
-86
-115
82
287
212
124
138
24
-156
-201
-155
-115
-117
-144
-104
-56
-117
-74
118
146
118
194
127
-46
-64
-62
-143
-73
102
164
214
229
138
37
-50
-121
-120
-157
-233
-114
83
185
382
515
309
132
123
-47
-197
-107
-154
-348
-213
17
35
122
224
46
-140
-134
-162
-197
-6
189
136
40
43
5
-83
-117
-105
-126
-167
-135
17
182
237
195
129
28
-126
-265
-220
-107
-46
108
294
293
231
183
58
-67
-166
-384
-482
-272
-137
-29
326
461
201
124
228
53
-107
4
-107
-410
-332
-29
106
239
388
288
52
-124
-277
-347
-284
-185
-111
-30
37
54
58
38
-2
-1
47
84
87
79
38
-35
-112
-157
-191
-214
-185
-100
23
136
169
157
121
34
-50
-46
-77
-209
-159
46
98
148
329
352
197
76
-88
-313
-461
-497
-364
-129
-12
96
311
332
127
145
215
-93
-360
-296
-252
-278
-94
189
326
329
193
27
-57
-199
-343
-321
-202
-39
139
230
234
228
98
-131
-180
-94
-69
-38
14
38
96
165
104
-39
-205
-377
-322
-79
68
173
274
187
5
-11
10
-123
-266
-340
-334
-183
60
286
371
239
35
-63
-152
-271
-248
-142
-96
-22
90
155
216
242
157
65
-1
-137
-212
-133
-63
-86
-133
-121
14
147
228
385
342
-13
-200
-67
-25
-73
85
168
-22
-103
12
37
-48
-71
-40
-39
-78
-109
-93
-127
-180
-121
-101
-146
-48
105
217
323
272
35
-106
-171
-301
-270
-72
22
86
190
165
92
78
-47
-168
-136
-152
-146
5
78
52
112
94
-25
-17
-17
-97
-61
-36
-86
40
166
-5
-140
-40
-70
-132
42
173
134
96
22
-57
-29
-77
-180
-83
-2
-66
-26
77
83
71
49
-16
-29
-58
-127
-18
41
-77
-1
153
78
2
69
12
-75
-27
-63
-78
88
128
49
82
73
-29
6
-20
-247
-274
-122
-90
22
269
266
29
-64
-94
-214
-182
-36
-106
-257
-158
33
86
175
311
255
10
-155
-184
-183
-143
-21
122
179
115
81
155
159
-1
-96
-147
-328
-399
-244
-87
29
181
278
300
276
138
10
-39
-200
-357
-312
-218
-163
22
237
304
313
242
51
-127
-276
-363
-279
-146
-57
114
271
296
298
198
-55
-189
-241
-443
-519
-236
-59
-94
92
240
45
-57
25
-15
-28
70
55
15
10
-64
-66
12
18
-2
-26
-170
-220
-49
61
148
285
153
-108
-110
-54
-96
1
149
68
-21
60
96
49
82
109
-30
-242
-338
-279
-225
-159
35
154
68
0
13
5
-31
-82
-172
-265
-256
-97
52
73
127
197
108
-56
-123
-135
-197
-217
-83
41
34
23
60
79
102
106
-88
-270
-203
-137
-145
28
180
60
-42
-10
-102
-235
-156
-19
-57
-93
30
136
141
192
202
11
-171
-216
-304
-270
5
99
30
132
173
-7
7
122
-84
-217
-108
-289
-485
-203
103
101
75
115
90
-28
-206
-268
-245
-383
-487
-263
31
122
200
364
301
32
-78
-117
-250
-310
-232
-127
5
120
165
197
216
71
-165
-201
-78
-73
-161
-59
108
-57
-265
-86
38
-51
101
246
6
-170
-75
-137
-233
-66
-34
-198
-130
-44
-161
-98
63
-33
-146
-5
20
-225
-260
-80
-79
-99
5
3
-147
-157
-4
19
-69
-96
-196
-318
-183
31
64
79
155
145
102
50
-2
-51
-196
-297
-186
-77
-105
-34
92
1
-74
10
-24
-157
-219
-286
-303
-85
99
91
214
251
-65
-228
-63
-17
-142
-150
-83
-163
-217
-33
188
208
82
-76
-255
-378
-352
-131
137
153
-10
-104
-131
-112
-35
22
-79
-273
-356
-289
-69
174
191
100
79
-13
-164
-166
-80
-114
-202
-187
-112
-97
-60
117
225
156
73
-11
-188
-319
-274
-167
-51
130
191
91
45
6
-169
-236
-105
-117
-161
-9
28
-44
54
109
-58
-198
-204
-260
-246
-72
26
29
21
-37
-90
-63
-133
-232
-128
-129
-224
-86
-5
-80
8
136
29
-69
1
-52
-120
-36
-34
7
114
-1
-133
-73
-142
-288
-153
-24
-82
-28
19
-79
-41
65
-23
-114
-106
-180
-192
-56
23
73
172
188
101
-8
-186
-326
-292
-252
-225
-86
40
60
91
142
98
-6
-70
-121
-143
-98
-57
-76
-34
70
69
-55
-129
-92
-65
-65
38
49
-147
-254
-203
-160
-101
0
64
105
151
147
47
-132
-315
-383
-297
-130
15
103
179
264
216
24
-104
-140
-226
-237
-55
64
17
9
30
-16
-16
14
-54
-106
-69
-83
-108
-65
-1
55
71
76
68
9
-19
18
-21
-128
-124
-147
-281
-197
-9
-32
-35
96
71
-26
6
-80
-209
-64
18
-72
24
136
39
-28
18
-59
-126
-3
21
-71
-24
63
82
107
57
-136
-279
-286
-175
32
229
332
234
-58
-196
-92
-77
-167
-44
97
19
12
127
100
18
-55
-205
-241
-93
-49
-1
179
139
-67
-57
26
-10
-32
26
86
47
-43
7
79
-83
-262
-253
-235
-209
13
240
295
329
219
-34
-92
-30
-90
-146
-84
-55
-56
55
219
199
-8
-181
-252
-287
-255
-113
118
224
92
69
209
150
-17
-70
-100
-157
-169
-148
-149
-94
-2
7
20
60
-46
-196
-162
31
177
260
317
158
-127
-189
-107
-114
-129
-30
34
38
100
111
97
152
64
-142
-186
-115
-144
-114
140
303
175
17
-8
-27
-82
-71
-51
-116
-188
-135
34
132
162
186
106
-50
-178
-273
-242
-122
-172
-199
27
76
-131
-100
76
10
-49
58
14
-150
-156
-118
-102
-10
10
-90
-144
-155
-116
50
238
201
-70
-264
-225
-165
-130
38
194
204
226
265
214
160
48
-126
-166
-128
-131
-86
22
67
101
56
-168
-279
-241
-263
-174
26
79
28
-7
-45
-68
-45
-48
-53
8
21
22
123
166
65
-78
-200
-251
-187
-97
8
130
126
-5
-44
3
-103
-259
-203
-126
-118
37
192
157
106
56
-75
-172
-272
-413
-312
-39
62
122
228
119
-85
-95
-170
-339
-239
-50
15
173
318
283
235
147
-81
-183
-268
-504
-437
-133
-19
168
451
359
111
75
-123
-449
-400
-313
-345
-24
315
269
306
393
-4
-420
-328
-290
-343
-114
11
-139
-103
97
187
193
31
-242
-277
-157
-46
133
215
50
-115
-184
-212
-141
-129
-202
-19
224
190
191
284
40
-312
-337
-366
-524
-371
-95
48
311
522
393
189
-27
-391
-535
-378
-346
-195
196
328
258
305
184
-154
-221
-211
-415
-354
-119
-122
-13
230
181
-6
-9
-65
-223
-131
83
54
-52
-10
11
-79
-123
-73
-80
-148
-92
84
167
174
176
18
-253
-305
-216
-246
-211
43
194
184
249
224
-55
-285
-314
-295
-204
-36
9
-27
15
29
-52
-85
-58
-74
-102
22
230
232
79
24
-44
-262
-298
-19
107
1
99
208
-42
-270
-252
-277
-287
-104
56
128
236
182
38
103
77
-194
-285
-206
-248
-221
46
237
201
92
-49
-145
-112
-93
-69
16
-5
-102
-43
145
251
221
112
-27
-183
-301
-284
-110
42
54
65
39
-122
-222
-173
-128
-95
-14
-2
-56
-8
70
115
193
149
-40
-136
-147
-227
-201
41
160
83
79
56
-96
-151
-64
-40
-91
-56
-9
-92
-100
116
236
146
115
65
-152
-235
-59
-28
-162
-83
-2
-102
-33
157
111
36
89
-7
-97
42
59
-66
-25
6
-121
-159
-20
45
53
115
165
194
150
-9
-145
-249
-341
-297
-97
43
79
97
46
-2
-23
-123
-178
-137
-142
-138
-11
121
96
8
21
76
26
-93
-96
-34
-87
-70
137
163
67
177
148
-111
-116
48
88
164
272
197
115
159
70
-40
-3
-76
-201
-107
46
102
168
154
-60
-163
-109
-101
-54
39
44
17
-34
-141
-157
-91
-148
-180
-98
-113
-48
166
175
70
126
88
-137
-204
-162
-159
-48
70
91
157
213
129
64
11
-134
-198
-174
-192
-63
172
264
281
317
275
154
28
-77
-89
-36
-105
-183
-74
5
-14
102
191
83
24
-15
-207
-293
-133
-41
-72
42
190
166
149
178
95
-22
-61
-125
-195
-102
-13
-13
84
159
97
54
50
-40
-89
75
141
-3
-3
50
-30
1
102
-27
-168
-35
91
63
212
409
203
-98
-114
-156
-228
-80
68
84
176
265
165
52
-40
-246
-330
-199
-71
49
181
222
252
227
15
-125
-98
-188
-283
-154
39
95
100
148
176
95
-67
-148
-115
-156
-262
-191
73
215
165
168
128
-133
-295
-167
2
47
86
178
193
90
32
118
140
13
-45
-45
-147
-156
66
170
100
109
10
-207
-168
1
24
53
152
134
67
159
283
244
136
65
-76
-249
-270
-155
-36
46
52
-47
-151
-163
-112
-23
132
197
96
-5
-61
-139
-136
-47
-17
-77
-87
-15
18
12
51
111
81
-56
-147
-107
-58
-53
29
185
214
151
134
39
-68
28
118
25
-16
30
-12
-32
6
-24
-35
20
-32
-45
159
260
113
44
41
-162
-321
-205
-151
-173
22
249
315
331
314
173
-118
-413
-574
-539
-352
-126
103
329
474
425
305
227
23
-268
-349
-270
-248
-137
128
226
96
27
10
-115
-193
-60
84
86
80
80
11
31
99
65
118
180
43
46
232
195
31
-20
-223
-460
-268
-31
-30
155
307
134
70
181
58
-133
-70
-56
-194
-216
-135
-67
-49
-84
-81
-23
-39
-73
115
335
218
-12
-94
-184
-206
-3
175
178
202
168
-2
-60
-26
-83
-78
9
-9
-15
112
157
119
153
106
-6
2
0
-84
-49
83
73
3
39
4
-132
-102
13
55
145
219
94
7
89
14
-155
-105
-65
-136
-34
163
205
142
25
-91
-107
-129
-110
36
89
63
170
253
189
196
323
273
70
-21
-144
-345
-350
-163
-8
64
105
116
122
191
260
207
5
-219
-313
-230
42
257
221
178
225
161
90
139
73
-191
-321
-340
-411
-209
153
236
321
528
413
138
106
16
-203
-195
-92
-95
-27
148
206
142
98
-4
-143
-194
-178
-125
-18
135
289
345
311
266
141
-127
-276
-200
-182
-106
261
481
288
99
43
-145
-327
-239
-65
-20
62
233
260
203
208
201
166
141
75
-92
-264
-328
-245
31
322
413
381
300
47
-212
-175
-50
-20
76
190
158
79
20
-21
32
62
20
89
91
-68
-65
7
-80
-91
9
-38
-29
249
382
332
356
178
-168
-190
-42
-36
111
280
123
43
158
67
-56
-3
-30
-79
75
195
118
109
158
95
79
80
-103
-294
-299
-207
-7
240
303
240
175
-6
-194
-212
-154
-65
122
298
332
312
241
76
47
146
117
71
78
-49
-151
53
189
43
6
74
-59
-109
119
297
213
91
47
-136
-365
-330
-164
-57
132
367
411
247
49
-135
-257
-280
-261
-127
173
392
416
434
374
24
-254
-144
-69
-125
45
244
169
55
39
-64
-115
-6
-30
-92
12
29
32
273
395
169
-63
-212
-278
-105
143
343
485
389
115
-74
-198
-344
-354
-250
-135
122
367
405
440
407
70
-279
-392
-504
-499
-91
331
523
599
474
154
-134
-307
-392
-271
-55
121
367
520
420
225
-14
-319
-445
-284
-150
-40
213
387
396
332
118
-262
-599
-708
-562
-171
260
529
574
362
37
-235
-455
-513
-348
-198
-51
229
376
415
533
390
-23
-264
-317
-324
-98
281
393
372
347
89
-188
-223
-254
-295
-110
70
121
293
358
123
-136
-353
-525
-449
-155
108
345
546
468
245
88
-145
-397
-395
-227
-68
176
415
446
290
81
-126
-403
-591
-413
-92
124
307
432
290
-13
-201
-314
-427
-384
-199
4
249
460
434
200
-82
-341
-491
-501
-356
-31
365
645
723
624
401
81
-317
-579
-620
-549
-323
121
542
685
591
361
36
-219
-372
-401
-238
-64
10
218
483
338
7
-81
-242
-484
-385
-117
65
233
367
361
195
-133
-363
-281
-262
-280
32
375
461
468
401
62
-372
-614
-697
-552
-149
223
504
728
702
411
120
-160
-489
-638
-482
-167
184
452
539
360
-51
-343
-271
-89
0
108
136
-13
-43
120
153
87
30
-234
-437
-154
146
131
181
195
-116
-382
-283
-30
131
192
241
185
-44
-182
-107
-31
-104
-173
-146
-88
46
254
323
168
-74
-264
-310
-215
5
303
440
386
303
143
-46
-143
-238
-362
-313
-128
75
330
519
477
228
-167
-530
-575
-328
-95
83
309
353
222
184
122
-81
-223
-278
-261
-2
272
303
333
262
-85
-307
-267
-265
-216
36
179
94
49
72
89
-20
-230
-315
-213
-85
102
405
423
115
-27
-117
-303
-242
-46
15
196
442
360
242
242
-16
-298
-247
-161
-153
38
267
332
338
170
-121
-206
-241
-336
-218
-11
58
205
388
287
140
69
-138
-201
-27
-14
-38
124
118
-27
107
252
148
112
118
20
14
36
-47
-23
13
-205
-324
-119
40
139
316
303
45
-144
-214
-241
-208
-130
0
101
172
356
473
318
80
-54
-185
-262
-88
110
141
282
451
335
131
116
38
-211
-251
-73
1
57
273
412
266
21
-180
-336
-365
-221
-24
97
142
144
101
46
9
-98
-247
-244
-108
52
314
525
452
283
155
-52
-226
-189
-96
-13
171
330
376
397
272
10
-134
-253
-453
-416
-122
73
286
554
502
204
-10
-234
-446
-333
-39
65
209
439
372
196
183
87
-97
-154
-172
-172
23
253
367
466
340
-49
-308
-382
-463
-408
-121
193
461
556
408
201
-65
-387
-468
-295
-157
-6
295
427
367
368
239
-49
-232
-322
-403
-309
13
305
460
469
238
-50
-160
-189
-187
-49
76
35
119
322
242
35
-14
-171
-427
-322
12
121
226
436
320
66
29
-136
-412
-334
-107
8
294
627
559
298
119
-158
-465
-464
-270
-69
210
389
345
341
367
139
-164
-263
-333
-403
-258
41
282
346
283
262
143
-129
-251
-210
-233
-203
12
187
193
167
172
114
3
-18
73
142
163
191
183
78
-76
-196
-256
-257
-238
-203
-36
205
274
221
156
-87
-376
-403
-276
-148
39
236
350
397
344
215
103
-134
-394
-319
-205
-219
44
427
464
437
526
287
-133
-236
-295
-416
-247
38
156
227
215
110
190
200
-89
-249
-246
-391
-388
1
331
323
262
178
-55
-260
-294
-206
-78
27
153
311
348
148
-48
-80
-67
-78
-46
95
187
56
-108
-119
-78
-116
-165
-132
-156
-232
-150
76
216
195
137
107
38
-38
-73
-88
-80
-50
-4
122
248
137
-97
-163
-141
-168
-114
32
112
154
205
209
233
142
-97
-120
-67
-305
-414
-83
143
90
189
294
65
-211
-264
-229
-217
-192
-141
-15
174
266
274
273
125
-120
-257
-244
-156
-96
-62
46
173
72
-95
-15
9
-198
-172
99
158
103
143
33
-181
-273
-376
-397
-205
-85
-22
261
470
308
109
-41
-352
-589
-481
-113
281
457
458
503
419
-20
-351
-394
-615
-761
-369
94
295
541
721
458
-30
-379
-547
-520
-319
-69
196
428
479
342
167
-138
-553
-723
-575
-236
313
754
745
460
83
-416
-694
-561
-440
-292
203
607
549
368
208
-157
-619
-855
-796
-556
-196
296
769
945
790
461
12
-496
-785
-780
-649
-253
303
579
608
533
172
-274
-427
-538
-703
-507
-184
2
384
660
365
21
14
-170
-420
-120
283
240
205
272
3
-384
-478
-414
-294
-64
196
429
515
382
131
-151
-463
-732
-694
-270
247
576
669
611
403
-29
-445
-577
-588
-604
-325
267
580
499
448
338
-78
-421
-398
-290
-212
-51
144
257
152
-133
-335
-397
-389
-181
192
446
507
473
255
-56
-255
-481
-716
-586
-241
4
399
884
840
314
-173
-589
-962
-976
-526
172
777
990
867
608
38
-676
-879
-742
-697
-419
207
642
664
539
320
-81
-490
-736
-727
-384
111
501
758
851
585
83
-263
-459
-672
-685
-306
158
399
547
607
333
-143
-484
-641
-630
-412
-42
375
704
617
164
-215
-461
-658
-568
-207
103
318
502
509
258
-132
-469
-575
-527
-373
41
571
846
777
546
187
-321
-730
-817
-568
-110
287
507
624
571
195
-325
-590
-645
-682
-438
193
645
625
526
389
-67
-604
-749
-533
-273
126
652
863
704
407
-2
-443
-725
-783
-661
-232
331
723
981
967
457
-270
-785
-1055
-1105
-744
-92
465
866
1031
727
93
-463
-878
-1165
-1007
-391
203
576
866
864
376
-148
-404
-615
-717
-434
123
545
689
650
392
-44
-430
-549
-368
-73
178
412
691
779
496
69
-328
-690
-902
-801
-345
225
612
672
541
346
-104
-553
-534
-335
-350
-292
115
456
453
393
219
-207
-508
-502
-412
-226
77
221
239
249
38
-231
-222
-95
0
204
435
442
325
135
-75
-214
-439
-668
-462
77
368
408
517
419
7
-294
-417
-506
-494
-303
24
346
480
438
366
133
-327
-622
-599
-450
-173
219
565
649
366
-27
-255
-451
-611
-380
90
357
473
556
475
173
-239
-579
-663
-583
-437
-31
590
904
786
509
99
-446
-865
-936
-676
-231
238
600
753
585
213
-94
-338
-556
-538
-299
-55
150
325
334
186
3
-131
-214
-212
3
308
442
463
364
-28
-467
-567
-470
-347
-42
312
459
498
452
169
-266
-623
-772
-697
-500
-131
374
657
659
580
282
-259
-651
-736
-729
-497
27
372
512
683
515
22
-245
-409
-607
-469
-125
175
554
680
398
128
-94
-492
-674
-374
-93
44
357
495
331
254
78
-372
-543
-370
-300
-55
425
517
369
342
53
-396
-467
-437
-526
-210
211
194
222
344
134
-58
-22
-172
-357
-222
-97
-68
110
162
-26
-124
-161
-240
-144
45
117
209
189
-70
-228
-340
-541
-432
-77
134
325
561
489
173
-40
-247
-465
-473
-406
-317
36
434
513
517
488
-22
-577
-545
-429
-425
-95
278
269
247
322
142
-160
-350
-480
-433
-124
196
430
550
328
-38
-128
-164
-342
-335
-153
-55
55
286
399
282
20
-253
-354
-391
-420
-214
26
24
40
186
148
-61
-150
-185
-307
-301
-120
61
195
211
68
-143
-358
-477
-380
-170
-46
132
400
477
363
235
1
-344
-596
-654
-541
-178
327
601
570
427
126
-293
-500
-458
-443
-317
6
265
500
803
787
387
26
-314
-761
-813
-460
-262
-97
304
553
382
141
35
-170
-427
-456
-325
-241
-104
185
325
162
-8
-83
-225
-283
-146
-23
63
96
-84
-205
-85
-78
-162
0
127
-8
54
269
187
-18
-52
-72
-248
-378
-184
119
215
229
297
251
61
-84
-181
-247
-153
24
61
23
-10
-139
-209
-100
-50
-96
-66
0
-23
-74
-23
-12
-132
-202
-143
-53
11
82
221
314
199
46
6
-123
-257
-123
26
-23
-4
72
-69
-150
17
40
-72
-25
27
-96
-144
-21
-10
-94
-76
-2
31
50
65
27
-58
-142
-150
-49
29
18
96
205
146
19
-9
-106
-261
-183
21
63
52
111
55
-105
-162
-97
-110
-186
-90
129
192
216
344
264
-62
-234
-228
-233
-126
17
-8
20
223
258
135
144
66
-228
-314
-127
-44
-52
108
198
5
-104
24
66
-34
-72
-84
-244
-306
-120
17
92
210
171
-23
-45
-6
-136
-207
-175
-262
-229
31
189
182
154
-14
-266
-276
-145
-74
53
213
298
335
299
146
-54
-274
-419
-259
-33
-6
101
251
158
26
35
-57
-209
-165
-47
2
78
133
133
97
-9
-134
-186
-235
-277
-92
255
418
360
196
-28
-256
-465
-549
-404
-202
-44
242
546
572
378
117
-175
-422
-584
-676
-520
-127
161
382
657
581
137
-193
-392
-612
-567
-316
-188
37
351
407
366
334
91
-156
-135
-119
-171
-17
42
-115
-80
61
60
89
122
51
34
87
68
73
40
-181
-296
-203
-186
-143
142
416
450
346
175
-66
-360
-567
-538
-376
-248
-126
139
487
497
210
21
-199
-562
-644
-390
-153
77
381
524
468
284
-49
-339
-448
-523
-477
-151
150
279
470
516
195
-104
-301
-598
-720
-467
-79
315
624
664
501
232
-175
-444
-370
-260
-230
-3
319
473
589
569
150
-373
-644
-696
-514
-149
155
394
519
307
83
1
-329
-628
-507
-346
-240
116
471
460
312
79
-330
-585
-615
-554
-208
304
536
555
572
363
-28
-289
-460
-594
-480
-128
208
369
351
276
129
-137
-382
-450
-375
-229
-4
245
382
317
63
-194
-361
-500
-421
-53
239
385
511
451
146
-87
-241
-439
-468
-277
-42
288
626
660
367
-24
-419
-738
-858
-705
-330
71
382
621
722
554
147
-262
-552
-698
-677
-421
98
541
645
603
453
-29
-536
-585
-493
-481
-148
304
454
494
480
245
-77
-351
-603
-629
-371
-83
243
571
546
196
-108
-316
-475
-462
-304
-66
244
404
371
314
118
-253
-450
-470
-443
-179
156
294
417
478
266
26
-119
-347
-437
-259
-108
36
313
464
392
235
-112
-574
-801
-786
-567
-88
325
470
556
501
141
-235
-368
-435
-458
-309
-64
173
356
425
336
187
48
-210
-441
-313
-150
-245
-54
408
459
342
460
329
-178
-361
-234
-297
-268
5
56
-12
102
136
22
-19
-67
-96
53
188
203
194
128
-61
-274
-334
-218
-75
-39
-1
129
142
104
147
7
-295
-343
-170
-107
15
330
487
480
461
217
-206
-468
-555
-537
-273
77
193
253
368
272
39
-92
-193
-368
-407
-211
-13
122
337
461
286
1
-186
-350
-464
-351
-62
198
310
324
274
186
71
-53
-53
-27
-80
7
156
151
242
391
253
18
-69
-206
-351
-271
-121
16
184
254
248
227
36
-253
-305
-212
-224
-155
45
180
248
232
83
-119
-300
-433
-305
73
273
346
540
511
214
21
-130
-373
-430
-153
183
399
529
511
260
-72
-315
-523
-711
-668
-241
288
547
669
664
335
-2
-115
-348
-681
-647
-341
-83
333
822
835
459
113
-177
-431
-496
-400
-267
-6
323
536
691
737
423
-49
-332
-476
-559
-364
-3
190
354
488
327
52
-93
-228
-347
-247
20
193
242
239
188
99
-27
-180
-243
-137
-1
102
232
265
112
-47
-77
-125
-240
-135
195
390
362
323
196
-174
-451
-430
-370
-310
-110
125
283
463
535
347
99
-143
-418
-518
-365
-113
279
693
749
542
166
-366
-627
-596
-567
-383
-42
142
343
744
781
411
162
-196
-705
-753
-429
-195
147
569
567
383
311
-15
-398
-391
-295
-296
-81
252
440
581
567
269
-59
-294
-428
-372
-212
-51
215
424
263
66
9
-279
-500
-266
-39
-2
225
535
495
317
271
50
-381
-607
-559
-387
-88
223
360
375
304
134
-17
-164
-378
-450
-274
-60
101
265
396
322
29
-205
-206
-170
-230
-199
1
113
49
-1
8
-20
-54
8
120
171
106
28
20
9
-59
-133
-175
-189
-146
-20
131
262
286
162
34
-49
-127
-187
-207
-214
-112
101
226
241
310
284
32
-211
-377
-564
-539
-232
-6
133
364
485
345
117
-6
-66
-215
-369
-325
-162
-111
-43
194
306
187
155
124
-136
-243
-31
106
125
179
101
-125
-259
-301
-297
-140
49
128
230
292
125
-43
-159
-399
-532
-440
-331
-162
155
397
473
468
240
-201
-510
-557
-447
-292
-103
155
386
503
483
377
214
-10
-242
-421
-438
-299
-142
52
301
419
318
167
-1
-184
-185
-92
-131
-173
-84
22
79
134
61
-130
-184
-164
-221
-233
-157
-73
16
98
111
118
48
-178
-307
-212
-104
-10
161
292
229
71
-64
-122
-175
-236
-170
-96
-120
-72
82
192
235
156
-69
-176
-185
-270
-179
86
149
155
273
204
-37
-70
-66
-230
-281
-229
-194
-38
98
40
39
94
-24
-75
28
50
39
33
-55
-84
24
53
43
96
-17
-129
30
68
-129
-167
-105
-183
-181
-35
4
96
236
94
-89
-62
-116
-238
-116
16
-62
-59
47
42
111
280
226
17
-120
-244
-307
-114
162
249
234
237
139
-19
-36
-9
-98
-155
-47
6
-50
19
87
-66
-236
-198
-118
-84
10
133
175
133
38
-53
-87
-95
-165
-287
-273
-142
-18
207
459
429
169
29
-91
-345
-429
-262
-98
119
365
381
281
243
100
-171
-344
-393
-334
-107
229
473
463
267
55
-106
-187
-185
-177
-208
-192
-62
197
444
400
120
-134
-302
-403
-284
28
191
238
346
250
46
10
-94
-357
-455
-358
-182
139
409
397
248
48
-188
-296
-194
-70
24
168
196
132
135
110
19
-128
-270
-225
-7
132
187
335
277
-64
-266
-334
-366
-145
239
432
476
430
198
57
-70
-451
-604
-429
-364
-175
418
832
715
431
-27
-536
-687
-641
-482
-54
348
443
517
558
265
-39
-164
-364
-504
-431
-258
0
351
521
418
323
85
-331
-442
-255
-118
68
396
566
487
308
86
-174
-394
-443
-296
-62
180
409
562
476
139
-276
-578
-629
-472
-190
246
651
732
604
405
-51
-503
-652
-778
-779
-332
182
505
831
955
575
-33
-522
-806
-725
-319
149
503
708
676
449
218
-72
-441
-600
-504
-316
41
463
568
390
237
38
-252
-371
-212
-5
183
401
434
247
58
-176
-470
-580
-482
-311
-14
333
546
615
514
196
-119
-245
-388
-506
-271
67
255
481
579
297
-37
-157
-241
-301
-204
-58
100
260
345
332
231
50
-164
-234
-137
-127
-161
38
342
428
300
142
-57
-270
-316
-188
0
168
258
283
311
306
169
-35
-208
-254
-167
-61
135
389
449
392
311
43
-256
-342
-299
-177
19
132
180
259
166
-14
34
93
-132
-220
36
154
211
477
453
44
-223
-385
-573
-443
-121
-48
130
485
418
197
241
17
-470
-488
-207
-98
175
610
658
465
313
21
-335
-438
-383
-306
-94
175
378
531
588
451
159
-127
-356
-448
-243
68
228
297
288
149
7
-55
-142
-245
-229
-128
42
259
349
301
209
40
-179
-289
-259
-160
52
297
376
342
231
0
-137
-103
-89
-88
75
156
59
190
341
70
-199
-176
-225
-314
-142
30
15
60
163
173
185
219
98
-94
-158
-151
-171
-98
92
172
71
44
100
52
-9
8
-55
-144
-69
71
121
179
242
239
124
-39
-63
33
-12
-203
-200
-36
10
70
137
-27
-210
-221
-196
-61
220
301
209
204
114
-101
-181
-203
-301
-299
-90
145
320
406
333
218
-2
-341
-510
-483
-434
-184
360
707
689
562
246
-231
-553
-658
-591
-244
135
207
331
643
574
172
-55
-246
-542
-598
-363
-59
267
436
389
288
31
-293
-353
-272
-313
-290
-26
211
331
428
339
110
-139
-391
-508
-345
-55
139
315
475
328
-27
-233
-340
-463
-383
-90
89
193
393
448
219
-45
-266
-520
-639
-502
-248
41
317
395
251
110
47
-132
-387
-430
-235
-15
193
437
508
264
7
-58
-130
-238
-244
-214
-133
146
417
480
364
63
-259
-348
-349
-381
-235
4
82
182
284
97
-156
-236
-287
-226
12
113
159
371
347
73
42
18
-182
-167
-83
-197
-170
106
233
225
249
84
-253
-385
-323
-234
-91
53
121
199
181
47
-24
-78
-180
-194
-204
-247
-124
89
196
310
384
146
-164
-211
-258
-349
-151
90
87
49
56
25
-3
-47
-80
1
86
65
104
191
143
75
75
-50
-208
-183
-132
-165
-34
173
188
120
84
-11
-125
-90
39
90
120
173
158
85
19
-66
-156
-182
-198
-231
-165
-19
55
106
187
139
-98
-219
-135
-121
-111
71
188
94
-35
-89
-94
-129
-152
-100
-73
-54
80
230
322
430
436
174
-121
-227
-291
-310
-143
72
200
309
342
234
105
-87
-382
-456
-288
-151
48
350
498
423
263
-3
-291
-394
-370
-287
-78
91
125
169
175
115
159
139
-99
-203
-50
123
291
354
141
-107
-193
-258
-275
-158
-83
-58
25
94
153
271
224
-69
-217
-177
-144
73
340
310
187
133
-13
-169
-182
-182
-167
-20
120
200
317
328
124
-42
-100
-175
-186
-149
-141
-60
50
104
129
30
-105
-20
70
-44
-57
37
19
57
134
28
-85
-31
-54
-95
93
138
-18
-10
11
-86
-46
14
-44
83
336
314
212
194
28
-124
-97
-157
-250
-107
79
170
210
71
-52
22
51
70
203
148
-84
-72
49
50
170
203
-21
-74
16
-57
-37
117
34
-75
28
-92
-348
-249
-42
-72
-57
123
151
54
51
89
64
69
174
204
84
10
24
18
-36
-52
-38
-65
-70
-46
-3
54
31
-74
-116
-23
55
109
221
265
196
202
243
150
-40
-183
-253
-239
-182
-74
85
181
202
245
288
229
113
29
-47
-152
-149
-27
-21
-72
40
121
-11
-56
17
-62
-106
31
7
-71
151
287
121
84
131
-26
-122
31
89
-3
31
62
-36
-112
-61
50
54
34
202
296
132
62
178
153
-8
-115
-193
-260
-181
43
244
253
82
-96
-192
-239
-202
-113
-4
96
99
39
109
230
181
63
29
-64
-244
-191
94
180
132
242
159
-192
-205
60
90
-48
-23
17
-202
-285
-41
132
195
328
369
245
102
-11
-115
-165
-212
-249
-146
60
174
180
274
324
105
-63
9
-114
-376
-275
-17
78
161
284
298
119
-13
34
6
-108
-137
-83
13
112
151
135
119
40
-73
-37
3
-92
-151
-63
3
-2
31
-22
-120
-70
36
127
222
172
18
-52
-100
-158
-4
123
5
-19
63
5
-73
3
45
-71
-104
-30
-93
-145
65
285
253
158
33
-140
-232
-250
-173
-23
60
71
136
246
175
-36
-101
-155
-336
-273
19
72
44
178
202
57
-33
-118
-220
-170
-101
-171
-128
8
34
75
200
129
-32
44
51
-91
-15
31
-69
50
220
162
98
82
-40
-111
-57
4
103
128
0
-56
13
-21
-109
28
104
-61
-69
24
-90
-178
-82
-87
-172
-109
-83
-30
150
63
-140
-57
-12
-152
-77
109
3
-57
83
-11
-130
36
101
67
174
150
9
43
-26
-223
-174
-76
-165
-129
-20
-45
27
174
83
-72
0
-29
-223
-153
21
14
78
211
121
-81
-121
-74
-157
-215
-59
68
73
140
177
62
-3
21
-45
-89
20
58
-23
54
106
-119
-242
-114
-93
-85
82
132
56
46
61
59
53
-36
-169
-171
-102
-95
-38
56
-2
-98
-98
-115
-159
-152
-128
-80
-20
-2
81
205
184
85
4
-107
-205
-221
-168
-1
115
50
101
299
261
66
38
-3
-196
-147
65
24
22
166
80
-72
21
32
-147
-146
-57
-169
-231
-55
103
103
122
153
118
73
-4
-45
-65
-202
-337
-251
-55
84
188
216
125
59
23
8
-19
-149
-223
-100
103
203
260
229
-34
-256
-256
-245
-224
-152
-108
-85
-20
94
248
234
47
-5
-2
-114
-93
102
204
121
67
55
-101
-217
-77
64
83
96
47
-52
-71
-60
-9
132
192
137
187
282
202
75
43
-46
-271
-456
-323
-78
-65
45
404
456
150
88
220
-27
-400
-375
-195
-132
-8
233
283
108
-14
-18
-49
-195
-285
-168
-35
19
155
290
176
-24
-9
-25
-108
58
153
17
45
62
-159
-200
-18
-23
-79
43
62
-26
37
67
9
64
113
10
-118
-171
-167
-55
68
131
206
160
13
-7
60
39
-57
-31
17
-63
-54
32
15
52
197
188
73
15
-121
-147
22
-11
-142
-84
-50
-68
86
247
113
-36
-80
-274
-337
-136
-7
38
189
313
236
177
142
-190
-467
-336
-171
-100
137
338
311
304
251
23
-123
-236
-387
-334
-70
154
268
328
230
0
-176
-272
-322
-345
-271
-108
54
208
313
232
6
-98
-82
-128
-87
63
62
3
81
192
171
71
38
-47
-275
-336
-82
145
202
196
139
3
-209
-324
-185
-44
-14
88
255
278
184
123
43
-88
-218
-266
-240
-191
-74
106
292
335
154
-12
-133
-322
-391
-272
-186
-137
29
200
221
101
-69
-120
-116
-179
-100
84
93
62
249
348
149
15
-57
-292
-380
-186
-20
105
249
162
9
32
-58
-183
-43
11
-134
-57
127
56
11
142
117
-30
-34
-17
-113
-132
-40
43
104
53
-2
77
-33
-197
-24
50
-117
-62
92
69
86
90
-80
-160
-125
-100
12
82
-18
-65
4
1
-9
53
-42
-191
-223
-280
-202
36
59
-21
63
78
-21
104
240
95
-1
54
50
63
159
216
177
63
-85
-138
-69
7
64
69
-21
-54
-48
-199
-223
73
86
-137
48
174
-84
-73
83
-81
-156
-34
-30
19
65
-61
-92
-46
-158
-195
-38
-15
-111
-24
72
27
27
40
21
41
3
-30
110
199
100
9
-24
-48
-64
-82
-39
-17
-56
-55
1
49
48
27
-53
-173
-176
-104
14
231
334
177
-5
-88
-200
-201
-31
-5
-94
-72
-16
18
124
190
45
-97
-106
-170
-139
73
144
45
44
70
-103
-257
-170
-15
-2
-10
111
139
7
37
88
-103
-139
39
-4
-87
55
110
-9
-29
-86
-206
-155
-120
-190
-100
59
43
32
99
43
20
94
-15
-122
-27
20
27
62
-43
-174
-111
-59
-109
-103
-46
27
86
69
55
85
52
-48
-58
-60
-87
107
213
-21
-67
98
-38
-310
-205
41
-2
-40
135
150
11
76
162
-19
-178
-65
49
-44
-140
-91
-78
-146
-181
-140
-64
-55
-57
77
185
86
40
103
-17
-183
-178
-140
-145
-169
-158
-19
114
95
86
152
114
63
140
116
20
138
210
17
-5
114
-8
-151
-137
-202
-265
-124
6
6
47
61
28
53
1
-114
-87
33
68
95
182
70
-282
-427
-241
-75
-72
-114
-121
-76
1
141
336
324
12
-224
-170
-27
15
40
151
145
-48
-46
110
55
-54
-13
-30
-134
-79
-33
-96
-30
-33
-176
-108
-34
-133
-47
84
-21
-59
21
-15
-37
5
-30
1
189
308
326
302
156
-31
-182
-246
-139
-38
-76
-65
-10
-71
-82
59
61
-118
-200
-143
-99
-60
29
146
184
9
-165
-108
-31
-17
87
206
199
117
35
-57
-98
-167
-282
-103
155
71
83
326
229
-108
-147
-180
-427
-356
-78
-27
58
205
141
93
215
174
-66
-186
-169
-169
-102
60
93
-31
-44
40
14
-34
-10
-41
-86
-27
57
64
40
20
1
50
120
130
134
73
-41
-68
-91
-130
-70
5
-21
-57
6
31
-35
-85
-126
-178
-206
-141
0
126
137
45
44
38
-90
-113
-79
-145
-122
14
93
199
236
18
-160
-165
-213
-147
123
256
157
108
103
89
162
77
-153
-217
-295
-443
-257
74
61
17
127
-8
-153
-22
-19
-157
-80
-15
-71
49
140
80
220
279
-48
-241
-195
-310
-299
74
254
163
167
87
-98
-100
-72
-108
-47
-40
-96
45
185
97
56
-4
-245
-342
-195
-95
-30
144
261
217
156
23
-200
-247
-166
-83
78
164
25
-12
94
-49
-240
-152
-172
-278
-72
138
89
95
148
-32
-157
-119
-271
-328
-81
53
53
202
253
59
3
50
-115
-224
-144
-104
-21
135
134
0
16
32
-58
-28
-52
-214
-216
-81
-23
28
115
61
-59
-52
-17
-10
25
42
3
-14
38
64
38
-89
-274
-263
-95
3
103
235
180
-65
-194
-138
-146
-184
-73
-42
-119
-61
47
60
37
-18
-125
-183
-192
-174
0
175
107
17
30
-49
-139
14
136
-36
-105
23
32
5
26
-38
-43
5
-143
-157
98
106
-9
112
131
-76
-147
-104
-132
-81
-5
-9
79
126
-16
-80
-6
-33
-124
-44
85
103
80
72
59
-19
-97
-65
-81
-192
-150
15
64
146
209
35
-98
-75
-114
-100
11
-86
-238
-69
83
-6
36
144
2
-146
-158
-218
-194
-65
-40
28
174
110
-21
50
156
113
61
39
45
64
52
61
58
-12
-34
12
-4
-83
-130
-154
-85
21
-55
-132
-90
-177
-292
-146
53
75
174
283
177
78
64
28
77
148
68
-52
-31
-27
-65
36
120
14
-104
-93
-20
31
74
165
207
6
-188
-141
-121
-151
48
238
137
23
83
145
198
204
69
-36
-87
-204
-151
123
173
76
197
159
-62
-8
32
-180
-216
-73
-72
7
167
85
56
197
136
27
44
-95
-300
-239
-140
-116
75
201
145
132
79
-44
-44
-27
-95
22
169
69
101
213
109
101
174
-28
-174
42
197
198
331
253
-39
-104
-108
-153
-26
56
-36
2
106
141
282
271
-7
-107
-95
-260
-301
-59
100
153
305
269
95
39
-120
-318
-236
-88
-173
-207
5
73
77
311
467
305
89
-8
-122
-192
-107
-79
-162
-119
93
289
389
419
259
-56
-229
-193
-172
-104
113
183
121
185
186
75
48
-40
-288
-377
-325
-324
-123
207
255
226
261
89
-73
34
13
-125
-38
-9
-95
61
229
122
76
137
-102
-338
-157
-61
-166
26
271
161
44
123
95
2
36
31
-83
-116
-16
34
5
17
56
-22
-186
-148
53
125
166
246
174
25
-26
-126
-301
-269
-85
21
127
240
212
74
-19
-66
-166
-258
-237
-181
-87
126
348
338
133
-33
-149
-338
-395
-233
-184
-186
55
289
267
233
206
15
-150
-235
-296
-123
122
162
238
395
263
-29
-89
-125
-261
-211
-59
-17
2
17
26
100
28
-268
-249
-39
-223
-274
86
102
-94
120
266
-52
-256
-229
-302
-184
100
131
150
271
84
-119
38
38
-191
-114
38
-60
9
245
256
172
128
-64
-316
-420
-368
-195
17
143
184
158
92
85
93
-96
-329
-342
-370
-440
-188
122
127
131
255
218
14
-144
-131
-90
-138
-46
183
151
-41
-28
27
-64
-23
191
236
151
67
-128
-239
-115
-42
-20
135
119
-130
-151
24
70
22
-77
-207
-310
-366
-290
-102
-6
13
153
159
-56
-60
78
-21
-103
41
-5
-216
-95
67
28
92
111
-58
-28
150
153
177
195
-46
-163
-103
-174
-105
69
-89
-216
10
1
-173
62
97
-300
-336
-165
-243
-101
321
364
173
242
208
-63
-127
-80
-207
-258
-127
-52
7
144
223
157
36
-23
-54
-107
-41
167
231
119
132
113
-119
-194
-53
-55
-138
-108
-71
-49
27
33
-1
-51
-213
-246
-25
153
199
205
94
-69
-118
-98
-75
-17
-26
-42
102
240
177
85
63
-63
-246
-187
43
128
126
202
249
137
-38
-128
-158
-232
-229
-39
142
172
246
320
165
-27
-49
-116
-257
-210
-74
-27
101
326
343
208
154
50
-177
-209
-92
-103
-41
154
176
126
188
160
40
20
4
-72
-80
-79
-84
20
135
177
206
152
84
89
-7
-106
-18
-13
-171
-193
-68
-73
-86
126
276
208
177
192
117
40
5
-8
5
12
17
84
101
33
38
71
66
132
225
118
8
145
72
-222
-148
69
0
-5
189
190
89
131
104
-12
-85
-242
-343
-152
64
83
257
591
539
268
272
232
-139
-355
-229
-137
-123
18
217
301
219
144
118
15
-88
-63
9
-9
-46
29
79
37
20
-51
-145
-110
-69
-94
49
176
6
-57
129
85
-60
63
184
108
117
221
199
128
78
4
-34
-75
-66
93
222
180
159
227
192
97
79
24
-37
29
134
209
253
178
50
33
3
-113
-148
-180
-204
9
261
275
259
326
156
-126
-154
-213
-351
-214
-45
-15
158
328
258
229
278
28
-249
-203
-163
-145
93
290
220
94
155
251
162
53
77
25
-161
-190
-11
98
164
216
113
16
92
100
57
207
275
49
-11
186
193
63
120
138
-73
-149
-16
49
108
233
288
213
32
-168
-294
-305
-178
16
132
178
279
354
305
291
206
-153
-418
-362
-292
-225
79
341
290
251
294
159
-37
-121
-143
-142
-105
-30
72
166
196
181
161
82
-62
-169
-186
-147
-102
-4
167
244
219
228
222
140
98
63
-60
-121
-89
-131
-87
114
187
138
189
165
-24
-110
-93
-143
-118
25
62
5
23
55
18
15
41
26
41
69
10
-44
28
31
-94
-85
-7
-103
-139
87
316
470
557
350
-35
-222
-328
-440
-296
-4
107
157
346
454
350
191
-33
-356
-587
-613
-467
-203
80
346
553
534
348
199
28
-274
-496
-466
-401
-309
-3
200
177
230
213
23
-25
67
0
-105
-69
-78
-132
-66
4
25
51
64
74
71
109
217
187
-106
-365
-422
-425
-311
-26
227
343
361
377
360
163
-115
-298
-444
-514
-365
-114
112
407
615
509
317
127
-174
-287
-114
-68
-211
-185
-74
-91
40
259
176
-14
-82
-178
-314
-267
-135
-129
-111
0
100
54
-71
-62
-16
-135
-174
32
91
-85
29
315
200
12
88
53
-132
-164
-78
-35
16
97
148
192
221
126
-53
-164
-215
-282
-271
-121
-12
45
242
385
224
2
-97
-226
-325
-164
41
55
87
129
93
163
239
87
-68
-108
-347
-570
-330
-74
-76
56
194
-12
-164
7
92
49
119
40
-225
-269
-77
54
107
170
104
-90
-107
-3
-113
-205
-62
0
-98
-43
137
225
245
238
159
80
-3
-134
-158
-61
5
59
170
158
13
-81
-234
-426
-343
-143
-46
109
247
185
204
272
48
-180
-228
-444
-634
-403
-64
100
320
522
364
99
-63
-309
-525
-510
-370
-205
28
258
397
452
354
98
-117
-234
-329
-362
-289
-222
-152
3
111
159
238
240
145
105
58
-89
-161
-174
-235
-130
64
104
189
335
267
97
-10
-195
-372
-353
-259
-93
146
225
197
237
178
-1
-36
-3
-153
-220
-62
-34
-90
26
92
-50
-140
-112
-103
-39
95
198
185
63
-53
-57
-92
-248
-311
-117
43
53
169
276
116
-15
9
-84
-213
-193
-128
-6
209
329
283
193
114
31
-29
-117
-267
-336
-259
-144
36
172
86
-1
88
132
85
122
196
121
-36
-37
72
29
-144
-162
11
104
3
-6
170
145
-59
-51
-10
-188
-251
-72
22
57
159
108
61
189
167
36
62
-72
-376
-222
150
52
0
280
130
-218
-53
141
32
114
290
195
79
97
47
-13
-12
-125
-271
-230
-139
-61
125
278
230
48
-108
-187
-210
-196
-83
118
248
305
386
340
142
-85
-332
-522
-472
-179
109
269
438
548
405
176
116
63
-134
-259
-227
-168
-19
288
528
484
297
70
-217
-335
-235
-175
-193
-114
33
110
256
464
385
111
-37
-133
-296
-359
-244
-111
37
240
370
355
229
68
-67
-130
-128
-146
-183
-77
137
247
314
433
380
155
7
-132
-331
-406
-280
-49
161
214
161
204
246
191
228
236
-40
-277
-207
-165
-96
264
478
342
266
251
-9
-290
-241
-174
-276
-224
-60
29
144
270
270
256
252
31
-193
-103
25
-2
87
251
131
-147
-155
-16
-46
-108
14
128
114
213
427
402
109
-71
-39
-92
-183
-106
-9
10
141
332
344
199
59
-40
-160
-252
-220
-84
87
228
252
189
250
289
60
-45
65
-150
-422
-233
-11
-66
-1
221
209
119
181
167
87
70
45
26
77
71
-49
-45
85
94
33
59
71
-15
-87
-118
-111
-31
49
177
384
369
123
40
84
-41
-148
-61
8
30
131
240
209
42
-110
-158
-105
-56
-89
-93
41
181
201
241
247
1
-227
-204
-157
-135
19
109
65
149
192
27
-5
73
-22
-147
-82
79
187
220
233
239
129
-97
-207
-150
-104
-61
86
195
112
-38
-102
-116
-124
-56
131
272
254
282
414
292
24
-33
-130
-367
-432
-306
-200
5
248
250
278
322
22
-149
-15
-86
-189
20
85
-122
-18
119
-9
59
69
-206
-173
40
-62
-56
153
-42
-253
-2
124
88
300
415
230
207
208
-83
-192
-175
-349
-298
-32
-17
-17
179
189
41
70
37
-125
-120
-19
-21
-75
-101
-79
-22
76
208
225
40
-17
45
-71
-121
-17
-105
-256
-190
-57
84
289
380
368
262
-50
-342
-349
-250
-172
43
148
55
146
241
121
111
104
-184
-430
-383
-275
-78
274
457
399
271
86
-117
-164
-70
-4
-9
-84
-168
-128
-7
84
156
124
-43
-179
-179
-129
-108
-62
-15
-51
-129
-118
-37
-37
-48
17
-9
-102
-4
91
7
30
142
8
-162
-123
-140
-167
-14
101
90
146
111
-74
-161
-214
-249
-73
34
-15
124
251
156
181
285
145
-18
0
-52
-197
-201
-115
-119
-102
26
117
119
70
43
42
-6
-60
-148
-293
-334
-274
-172
40
230
180
91
85
-94
-272
-189
-152
-239
-143
23
98
241
325
162
5
-87
-269
-301
-105
0
-20
66
112
7
-29
-18
-61
-67
-69
-99
-50
59
98
98
130
44
-180
-276
-170
-61
14
103
100
1
14
102
84
48
35
-69
-120
-8
14
-61
39
90
-111
-134
4
-179
-327
-84
25
-98
32
196
59
-7
21
-174
-336
-277
-204
-49
199
231
191
308
228
-43
-137
-274
-479
-288
128
316
352
421
339
114
14
-3
-109
-215
-274
-255
-112
13
57
140
146
-47
-128
-39
-64
-42
128
141
-40
-115
-63
-61
-98
-141
-175
-118
9
143
220
177
51
-59
-165
-276
-220
-130
-172
-115
72
146
165
263
223
-68
-251
-328
-463
-386
-66
183
276
318
330
261
154
25
-147
-319
-356
-144
111
235
313
292
67
-101
-38
-25
-60
72
127
6
-16
45
33
-23
-63
-78
-95
-113
-7
179
182
49
-21
-125
-256
-185
-45
1
34
7
-63
20
137
83
63
97
-59
-163
6
84
42
157
162
-60
-98
54
102
131
211
173
38
-119
-276
-275
-165
-147
-37
211
277
267
347
212
-103
-230
-257
-353
-301
-101
46
224
476
535
318
48
-233
-503
-556
-358
-98
107
278
389
378
270
89
-151
-355
-381
-207
-50
33
230
334
134
-29
7
-47
-144
-56
119
171
136
147
132
6
-41
-38
-164
-259
-158
-22
65
198
224
13
-173
-183
-163
-139
-109
-97
13
172
248
346
314
4
-175
-42
69
134
269
207
9
35
58
-42
-90
-133
-150
-36
38
21
94
140
-9
-37
52
-12
-17
153
154
46
68
-15
-224
-181
-118
-192
-96
3
-74
29
192
65
20
112
-108
-239
-38
-46
-117
126
212
-25
-14
112
-31
-42
80
5
66
311
288
143
185
101
-84
12
69
-180
-221
-31
-25
16
231
236
43
-34
-90
-194
-160
-95
-91
55
279
318
250
122
-132
-307
-344
-379
-312
-153
-57
84
292
357
310
279
72
-215
-256
-216
-257
-174
-31
6
78
213
240
218
183
40
-66
-123
-270
-253
-2
158
217
289
214
2
-66
-60
-76
2
51
2
58
116
-19
-75
10
6
77
217
120
-31
3
-38
-26
141
-36
-353
-250
-130
-193
30
220
-64
-251
-140
-230
-289
-82
-54
-93
132
227
84
122
204
61
-42
21
51
17
42
132
160
32
-121
-117
-117
-192
-82
75
52
47
160
149
34
64
92
-82
-131
-44
-143
-210
-88
-114
-224
-75
153
242
268
111
-136
-118
-87
-219
-115
150
145
100
270
300
53
-178
-319
-425
-400
-254
-110
56
215
295
373
272
-123
-346
-252
-233
-277
-157
11
42
53
133
145
6
-207
-274
-146
-64
-47
92
210
121
59
124
0
-227
-266
-240
-239
-158
-41
22
83
158
147
33
-97
-210
-271
-221
-109
-9
108
258
324
239
112
6
-184
-394
-381
-181
-76
-64
23
138
111
91
182
94
-158
-258
-261
-233
-18
248
245
151
152
-52
-341
-317
-190
-172
4
213
153
122
182
45
-95
-191
-458
-596
-356
-52
213
493
409
-1
-152
-212
-435
-479
-364
-349
-191
186
362
332
295
168
16
-111
-308
-467
-464
-404
-250
145
351
177
168
270
166
76
8
-226
-414
-335
-171
25
242
245
203
317
266
-16
-179
-272
-492
-530
-260
-66
-32
64
229
286
175
1
-149
-239
-244
-210
-162
-87
-50
-25
121
247
167
38
-44
-112
-89
4
23
-14
-32
-39
-13
53
-21
-175
-169
-137
-111
62
114
-69
-129
-39
-57
-64
59
-38
-385
-454
-236
-124
-8
180
188
98
147
143
-64
-236
-310
-416
-395
-148
83
194
323
489
448
147
-143
-358
-534
-461
-148
54
60
138
256
283
301
158
-172
-401
-481
-476
-263
66
154
99
225
323
201
122
95
-116
-331
-281
-165
-153
-72
106
167
114
166
192
42
-51
-114
-246
-214
-57
-21
136
410
246
-102
-97
-113
-317
-284
-83
-63
-104
-17
98
204
215
85
-47
-183
-331
-284
34
252
238
247
183
-55
-197
-190
-245
-312
-174
97
214
271
396
291
35
63
135
-107
-354
-369
-267
-125
73
223
158
34
50
40
-39
-75
-147
-246
-180
7
124
166
193
176
123
67
-73
-297
-407
-300
-114
48
220
292
205
95
9
-78
-111
-142
-203
-136
15
87
202
352
287
68
-59
-204
-307
-164
-27
36
192
271
239
255
184
10
8
-1
-174
-189
-90
-62
101
274
200
78
12
-143
-172
6
-1
-168
-163
-92
-6
214
302
193
151
87
15
82
-28
-235
-107
111
135
262
372
136
-11
99
6
-140
-70
-99
-210
-23
252
342
365
205
-66
-172
-250
-331
-229
-69
12
84
188
293
345
264
126
-40
-272
-356
-164
120
301
354
307
149
-48
-208
-250
-146
-51
-40
23
192
263
207
235
191
-97
-326
-296
-144
73
332
412
278
123
-25
-130
-171
-239
-306
-194
84
258
279
243
101
11
120
125
-73
-150
-119
-170
-122
134
239
106
171
336
190
65
79
-124
-290
-139
-95
-223
-40
273
272
238
327
142
-218
-329
-323
-378
-322
-166
-7
209
367
321
141
-15
-103
-105
-93
-131
-65
52
97
237
381
268
39
-96
-244
-337
-223
-78
-5
149
318
361
342
275
42
-288
-534
-537
-260
72
319
523
537
276
31
-53
-182
-324
-325
-251
-159
24
309
535
558
416
207
-19
-267
-377
-283
-164
-101
-23
90
178
205
194
171
188
83
-126
-238
-353
-405
-214
55
197
218
188
89
33
47
-108
-332
-400
-400
-338
-94
220
388
507
606
435
54
-265
-513
-617
-393
-28
215
364
457
426
285
28
-293
-492
-507
-366
-10
391
537
499
524
388
-62
-364
-475
-646
-506
-2
319
424
538
406
60
-59
-152
-361
-335
-202
-202
-44
296
388
296
208
-76
-382
-410
-370
-328
-112
115
171
148
74
5
58
101
120
96
-134
-415
-411
-202
-41
77
162
101
64
142
159
49
-167
-381
-374
-134
140
382
500
418
290
161
-138
-491
-633
-562
-294
123
366
353
294
203
45
-87
-252
-459
-442
-191
121
455
591
419
145
-106
-324
-443
-382
-300
-191
102
308
278
166
-23
-291
-378
-215
-66
88
290
284
201
205
83
-186
-392
-478
-402
-178
61
259
325
210
165
98
-167
-374
-407
-363
-125
226
291
228
217
-13
-113
51
-96
-370
-280
-124
-130
40
237
186
175
153
-16
-95
-97
-223
-247
-50
-90
-252
-95
16
18
196
227
-75
-261
-208
-311
-254
156
223
143
399
443
156
23
-124
-488
-544
-248
-106
76
383
406
240
129
-78
-340
-422
-328
-198
-28
128
194
148
-8
-159
-283
-363
-316
-213
-34
207
308
223
87
-21
-118
-148
-63
33
45
34
125
212
146
-48
-296
-449
-430
-300
-20
325
431
283
180
121
-108
-247
-127
-114
-236
-122
119
116
81
161
50
-163
-215
-255
-363
-352
-201
-10
176
233
164
72
-28
-76
-46
-72
-196
-236
-178
-68
190
264
-57
-197
-56
-63
-107
16
59
-29
95
323
226
-76
-246
-306
-250
-72
-39
-160
-105
115
295
376
202
-207
-446
-320
-44
131
180
274
422
463
404
211
-272
-821
-945
-638
-247
126
368
416
540
609
278
-125
-329
-511
-504
-167
132
187
241
324
268
72
-266
-649
-775
-539
-105
331
507
331
196
204
11
-183
-170
-220
-273
-14
355
367
140
-12
-203
-363
-329
-322
-320
-45
367
575
598
451
65
-271
-314
-217
-176
-146
-57
23
135
294
291
40
-237
-409
-462
-349
-105
152
355
436
433
319
27
-248
-323
-347
-381
-221
99
242
276
306
115
-143
-244
-333
-346
-134
76
209
427
567
368
-19
-326
-440
-431
-362
-208
-67
22
242
539
529
294
186
-30
-415
-484
-290
-143
91
419
558
437
167
-174
-344
-255
-243
-319
-219
-8
172
410
579
372
26
-176
-307
-214
29
41
-91
-83
-82
-112
84
174
-64
-92
67
1
-34
170
170
-63
20
190
24
-25
106
16
-98
56
121
-147
-256
-124
-217
-240
180
504
397
271
229
31
-242
-338
-259
-214
-203
-43
200
353
409
337
60
-226
-433
-578
-338
186
393
335
359
319
171
126
57
-202
-357
-332
-231
37
291
289
210
187
68
-140
-273
-330
-224
63
286
379
383
227
-52
-250
-294
-377
-440
-197
123
269
409
505
284
0
-52
-176
-428
-378
-86
146
402
518
270
28
-42
-152
-184
-139
-223
-299
-175
144
427
500
425
261
-43
-321
-381
-407
-417
-147
188
341
433
414
178
-12
-87
-347
-628
-614
-445
-140
349
638
542
391
304
101
-92
-222
-399
-453
-275
-35
189
381
390
282
248
112
-204
-419
-475
-422
-145
173
227
161
70
-125
-125
25
-58
-169
-90
-1
74
166
150
66
24
-99
-241
-206
-95
-24
112
237
219
197
183
59
-106
-272
-366
-232
-21
134
225
206
142
147
99
-98
-266
-291
-217
25
298
338
157
-21
-45
26
78
41
-113
-273
-248
-24
137
31
-164
-170
-87
-88
-15
69
-37
-125
-18
73
-30
-191
-162
-29
26
133
257
185
52
-13
-82
-189
-272
-261
-161
14
276
487
497
242
-174
-511
-644
-608
-420
-97
253
513
592
474
227
-88
-463
-686
-554
-325
-200
106
512
645
586
406
-98
-647
-844
-782
-490
2
331
409
522
601
382
-22
-358
-573
-664
-525
-101
279
327
364
498
293
-129
-296
-326
-396
-271
23
97
18
24
56
146
273
206
9
-67
-61
-165
-264
-221
-251
-319
-142
120
152
103
205
169
-118
-295
-351
-460
-417
-137
124
332
482
336
139
126
-124
-436
-404
-387
-416
-96
313
467
514
331
-114
-319
-291
-331
-206
102
175
53
131
133
-208
-452
-417
-281
-99
85
188
173
97
80
105
-27
-368
-616
-489
-112
163
262
305
307
261
187
22
-367
-888
-1042
-607
41
572
811
661
301
-112
-320
-178
-206
-487
-405
-97
45
318
685
590
262
93
-259
-652
-604
-461
-392
1
479
495
366
375
108
-343
-600
-734
-745
-474
-19
366
654
718
404
113
-142
-601
-781
-500
-230
13
385
560
545
584
366
-52
-313
-772
-1300
-1086
-357
128
550
1025
879
332
9
-373
-776
-758
-498
-262
96
492
634
686
710
399
-132
-542
-843
-998
-774
-256
293
768
926
704
354
-79
-506
-647
-603
-543
-337
7
278
513
713
627
267
-142
-535
-824
-818
-572
-217
276
702
757
523
262
44
-221
-500
-621
-598
-553
-234
474
943
799
443
88
-306
-469
-360
-359
-317
35
266
355
600
527
84
-124
-222
-504
-576
-365
-278
-163
209
440
409
318
59
-185
-91
24
-115
-160
10
52
41
162
161
-60
-187
-62
143
193
74
-48
-123
-150
-58
95
68
-171
-331
-188
77
126
16
-68
-222
-365
-230
32
87
-2
34
236
445
496
292
-93
-473
-661
-523
-118
267
384
361
450
442
160
-91
-218
-408
-441
-141
181
401
619
617
403
185
-258
-758
-740
-390
-165
131
513
525
405
480
334
-108
-484
-746
-789
-428
38
333
637
739
462
175
-171
-606
-724
-478
-146
223
558
485
242
242
121
-141
-198
-253
-405
-310
-40
59
175
269
114
52
94
-1
-52
12
12
40
269
348
82
-106
-78
33
286
561
573
291
-104
-454
-561
-373
-129
-86
-133
35
327
522
599
446
64
-133
-78
-167
-315
-255
-184
-73
261
468
232
-103
-300
-428
-287
-34
-65
-107
50
179
390
759
740
214
-187
-358
-488
-440
-311
-272
-187
69
330
546
673
425
87
-41
-270
-463
-350
-158
34
407
727
596
249
14
-288
-667
-794
-608
-325
51
488
775
878
719
265
-147
-322
-403
-432
-245
27
176
389
652
611
314
-27
-407
-701
-661
-399
-123
295
615
595
600
624
259
-227
-483
-658
-719
-478
-157
62
348
583
554
398
112
-349
-603
-544
-423
-195
200
482
632
804
675
156
-264
-474
-638
-586
-224
216
472
556
559
432
248
118
-63
-246
-272
-266
-241
-63
55
11
44
30
-205
-339
-173
19
134
312
353
183
35
-128
-246
-129
1
35
156
298
327
313
201
-110
-393
-514
-564
-437
-79
251
523
747
597
122
-211
-406
-524
-343
-65
-14
16
211
375
401
317
121
-138
-318
-339
-193
68
313
344
203
80
-90
-307
-302
-31
223
273
285
221
-28
-83
11
-174
-327
-242
-242
-126
230
229
-8
49
-34
-298
-102
101
-138
-159
155
182
45
-11
-241
-391
-132
102
143
204
62
-167
2
190
-89
-393
-364
-110
257
537
549
373
85
-229
-328
-321
-524
-675
-369
145
562
843
790
402
-62
-453
-604
-572
-640
-611
-159
383
661
826
775
292
-299
-758
-1006
-877
-552
-126
485
894
784
575
470
54
-541
-871
-1043
-1012
-545
196
930
1456
1380
621
-234
-830
-1171
-1061
-719
-427
33
557
760
769
653
57
-669
-902
-1061
-1141
-529
280
708
1071
1245
757
16
-404
-729
-875
-531
-184
-92
160
486
447
249
100
-217
-500
-435
-214
-29
129
135
-28
-123
-125
-94
-46
-161
-329
-209
72
290
377
216
-147
-397
-493
-462
-87
343
326
236
359
243
-49
-101
-134
-259
-240
-166
-93
54
80
45
146
180
27
-103
-187
-217
-72
41
-81
-248
-342
-349
-96
309
426
251
90
-119
-397
-469
-303
-127
16
174
358
458
299
85
-13
-265
-562
-567
-433
-260
154
620
682
409
-8
-541
-808
-680
-468
-154
347
748
823
649
255
-322
-821
-1093
-1025
-570
2
515
1018
1196
757
117
-388
-925
-1215
-964
-528
-68
526
982
1028
690
57
-601
-888
-867
-826
-547
87
572
724
829
724
61
-638
-803
-725
-570
-124
389
609
641
674
465
-130
-586
-691
-657
-364
139
405
502
674
650
267
-189
-629
-974
-876
-348
157
493
602
374
42
-221
-445
-510
-449
-393
-143
358
639
565
345
-18
-404
-586
-553
-326
63
399
566
620
427
15
-271
-388
-502
-454
-92
297
574
835
816
414
-82
-469
-710
-805
-600
-39
482
645
570
361
-20
-368
-508
-528
-414
-122
226
505
672
629
294
-111
-358
-411
-315
-155
48
224
297
308
173
-168
-513
-670
-548
-90
326
454
631
699
340
-29
-232
-485
-609
-314
148
501
746
717
345
-62
-310
-505
-644
-552
-313
124
738
1032
904
586
14
-655
-981
-902
-640
-123
509
890
1169
1207
531
-444
-935
-1008
-969
-722
-260
252
676
1039
1292
921
-107
-966
-1274
-1116
-482
267
656
860
1019
805
442
173
-329
-912
-935
-484
27
573
935
840
499
123
-274
-538
-514
-314
-73
260
502
265
-149
-162
-55
-173
-146
56
86
-12
-13
129
176
25
-19
37
-46
-67
159
425
554
510
266
-61
-264
-309
-197
108
301
159
58
173
103
-73
-127
-270
-378
-137
183
314
343
265
62
-114
-213
-239
-202
-164
-143
-34
229
499
586
432
120
-214
-454
-360
88
449
490
383
229
44
-101
-215
-312
-302
-213
-2
390
635
461
90
-135
-200
-196
-74
33
44
184
370
377
342
168
-322
-662
-600
-580
-446
92
515
584
630
609
354
83
-83
-218
-313
-341
-207
19
107
104
215
264
106
-39
-112
-175
-124
-127
-206
-107
67
144
344
656
633
319
87
-195
-457
-428
-404
-411
-59
441
709
845
694
42
-492
-617
-664
-493
-34
266
450
812
909
564
205
-369
-1078
-1145
-693
-260
241
749
855
757
662
218
-428
-871
-1158
-1125
-628
21
571
992
1126
882
379
-250
-788
-1041
-1037
-692
29
718
1058
1214
1166
543
-342
-913
-1279
-1450
-1007
-141
539
1034
1380
1172
596
151
-352
-953
-1154
-940
-611
26
920
1396
1285
918
230
-571
-982
-989
-808
-449
-57
328
655
568
217
56
-210
-624
-619
-238
-76
-41
251
515
489
292
14
-206
-313
-312
-84
243
297
178
119
-110
-360
-351
-374
-358
-37
264
311
344
263
-106
-249
-131
-240
-332
-172
1
244
563
534
227
-15
-415
-731
-536
-295
-158
254
682
679
519
300
-231
-682
-800
-771
-443
6
215
419
712
632
206
-97
-421
-754
-644
-358
-134
250
601
654
696
679
153
-516
-771
-788
-707
-408
-37
180
393
609
559
304
-108
-640
-889
-733
-401
-31
264
450
608
641
443
180
-106
-469
-639
-488
-325
-224
59
423
563
477
201
-244
-589
-664
